290
1000
35
250
648
190
265
189
299
260
199
125
50
125
125
50
35
260
300
300
300
19
125
154
125
76
280
150
110
1000
165
120
70
32
15
1000
165
120
70
32
15
265
35
400
174
330
200
138
285
300
270
260
50
8
10
290
480
208
410
0.17
240
184
500
115
53
15
115
53
15
60
115
70
15
115
70
15
225
37
37
245
17
269
266
210
257
295
290
263
263
75
285
347
659
196
59
25
171
32
171
32
250
4
4
292
290
50
30
58
50
75
60
30
234
284
300
35
36
125
45
300
150
210
171
242
133
230
650
10
183
183
18
200
233
171
96
55
40
17
10.5
6
128
250
190
190
7
7
5
10
15
5
100
15
600
150
2
13
225
4
226
2
165
115
70
25
65
30
30
25
25
25
25
25
25
176
5
60
115
32
15
30-60
25
125
270
115
80
32
15
115
80
32
15
250
250
275
180
