0.17
2
2
4
4
4
5
5
5
6
7
7
8
10
10
10
10.5
13
15
15
15
15
15
15
15
15
15
15
15
17
17
18
19
25
25
25
25
25
25
25
25
25
30
30
30
30
30-60
32
32
32
32
32
32
32
35
35
35
35
36
37
37
40
45
50
50
50
50
50
53
53
55
58
59
60
60
60
65
70
70
70
70
70
75
75
76
80
80
96
100
110
115
115
115
115
115
115
115
115
120
120
125
125
125
125
125
125
125
128
133
138
150
150
150
154
165
165
165
171
171
171
171
174
176
180
183
183
184
189
190
190
190
196
199
200
200
208
210
210
225
225
226
230
233
234
240
242
245
250
250
250
250
250
257
260
260
260
263
263
265
265
266
269
270
270
275
280
284
285
285
290
290
290
290
292
295
299
300
300
300
300
300
300
330
347
400
410
480
500
600
648
650
659
1000
1000
1000
