0.37707182
0.38208182
0.38709182
0.39210182
0.39710182
0.40211182
0.40712182
0.41213182
0.41714182
0.42215182
0.42716182
0.43217182
0.43717182
0.44218182
0.44719182
0.45220182
0.45721182
0.46222182
0.46723182
0.47223182
0.47724182
0.48225182
0.48726182
0.49227182
0.49728182
0.50229182
0.50730182
0.51230182
0.51731182
0.52232182
0.52733182
0.53234182
0.53735182
0.54236182
0.54736182
0.55237182
0.55738182
0.56239182
0.56740182
0.57241182
0.57742182
0.58243182
0.58743182
0.59244182
0.59745182
0.60246182
0.60747182
0.61248182
0.61749182
0.62249182
0.62750182
0.63251182
0.63752182
0.64253182
0.64754182
0.65255182
0.65756182
0.66256182
0.66757182
0.67258182
0.67759182
0.68260182
0.68761182
0.69262182
0.69762182
0.70263182
0.70764182
0.71265182
0.71766182
0.72267182
0.72768182
0.73269182
0.73769182
0.74270182
0.74771182
0.75272182
0.75773182
0.76274182
0.76775182
0.77275182
0.77776182
0.78277182
0.78778182
0.79279182
0.79780182
0.80281182
0.80782182
0.81282182
0.81783182
0.82284182
0.82785182
0.83286182
0.83787182
0.84288182
0.84788182
0.85289182
0.85790182
0.86291182
0.86792182
0.87293182
0.87794182
0.88295182
0.88795182
0.89296182
0.89797182
0.90298182
0.90799182
0.91300182
0.91801182
0.92302182
0.92802182
0.93303182
0.93804182
0.94305182
0.94806182
0.95307182
0.95808182
0.96308182
0.96809182
0.97310182
0.97811182
0.98312182
0.98813182
0.99314182
0.99815182
1.00315182
1.00816182
1.01317182
1.01818182
1.02319182
1.02820182
1.03321182
1.03821182
1.04322182
1.04823182
1.05324182
1.05825182
1.06326182
1.06827182
1.07328182
1.07828182
1.08329182
1.08830182
1.09331182
1.09832182
1.10333182
1.10834182
1.11334182
1.11835182
1.12336182
1.12837182
1.13338182
1.13839182
1.14340182
1.14841182
1.15341182
1.15842182
1.16343182
1.16844182
1.17345182
1.17846182
1.18347182
1.18847182
1.19348182
1.19849182
1.20350182
1.20851182
1.21352182
1.21853182
1.22354182
1.22854182
1.23355182
1.23856182
1.24357182
1.24858182
1.25359182
1.25860182
1.26360182
1.26861182
1.27362182
1.27863182
1.28364182
1.28865182
1.29366182
1.29867182
1.30367182
1.30868182
1.31369182
1.31870182
1.32371182
1.32872182
1.33373182
1.33873182
1.34374182
1.34875182
1.35376182
1.35877182
1.36378182
1.36879182
1.37380182
1.37880182
1.38381182
1.38882182
1.39383182
1.39884182
1.40385182
1.40886182
1.41386182
1.41887182
1.42388182
1.42889182
1.43390182
1.43891182
1.44392182
1.44893182
1.45393182
1.45894182
1.46395182
1.46896182
1.47397182
1.47898182
1.48399182
1.48899182
1.49400182
1.49901182
1.50402182
1.50903182
1.51404182
1.51905182
1.52406182
1.52906182
1.53407182
1.53908182
1.54409182
1.54910182
1.55411182
1.55912182
1.56412182
1.56913182
1.57414182
1.57915182
1.58416182
1.58917182
1.59418182
1.59919182
1.60419182
1.60920182
1.61421182
1.61922182
1.62423182
1.62924182
1.63425182
1.63925182
1.64426182
1.64927182
1.65428182
1.65929182
1.66430182
1.66931182
1.67432182
1.67932182
1.68433182
1.68934182
1.69435182
1.69936182
1.70437182
1.70938182
1.71438182
1.71939182
1.72440182
1.72941182
1.73442182
1.73943182
1.74444182
1.74945182
1.75445182
1.75946182
1.76447182
1.76948182
1.77449182
1.77950182
1.78451182
1.78951182
1.79452182
1.79953182
1.80454182
1.80955182
1.81456182
1.81957182
1.82458182
1.82958182
1.83459182
1.83960182
1.84461182
1.84962182
1.85463182
1.85964182
1.86465182
1.86965182
1.87466182
1.87967182
1.88468182
1.88969182
1.89470182
1.89971182
1.90471182
1.90972182
1.91473182
1.91974182
1.92475182
1.92976182
1.93477182
1.93978182
1.94478182
1.94979182
1.95480182
1.95981182
1.96482182
1.96983182
1.97484182
1.97984182
1.98485182
1.98986182
1.99487182
1.99988182
2.00489182
2.00990182
2.01491182
2.01991182
2.02492182
2.02993182
2.03494182
2.03995182
2.04496182
2.04997182
2.05497182
2.05998182
2.06499182
2.07000182
2.07501182
2.08002182
2.08503182
2.09004182
2.09504182
2.10005182
2.10506182
2.11007182
2.11508182
2.12009182
2.12510182
2.13010182
2.13511182
2.14012182
2.14513182
2.15014182
2.15515182
2.16016182
2.16517182
2.17017182
2.17518182
2.18019182
2.18520182
2.19021182
2.19522182
2.20023182
2.20523182
2.21024182
2.21525182
2.22026182
2.22527182
2.23028182
2.23529182
2.24030182
2.24530182
2.25031182
2.25532182
2.26033182
2.26534182
2.27035182
2.27536182
2.28036182
2.28537182
2.29038182
2.29539182
2.30040182
2.30541182
2.31042182
2.31543182
2.32043182
2.32544182
2.33045182
2.33546182
2.34047182
2.34548182
2.35049182
2.35549182
2.36050182
2.36551182
2.37052182
2.37553182
2.38054182
2.38555182
2.39056182
2.39556182
2.40057182
2.40558182
2.41059182
2.41560182
2.42061182
2.42562182
2.43062182
2.43563182
2.44064182
2.44565182
2.45066182
2.45567182
2.46068182
2.46569182
2.47069182
2.47570182
2.48071182
2.48572182
2.49073182
2.49574182
2.50075182
