0.446020
0.456000
0.465980
0.475960
0.485950
0.495930
0.505910
0.515890
0.525870
0.535850
0.545830
0.555810
0.565790
0.575770
0.585760
0.595740
0.605720
0.615700
0.625680
0.635660
0.645640
0.655620
0.665600
0.675580
0.685560
0.695550
0.705530
0.715510
0.725490
0.735470
0.745450
0.755430
0.765410
0.775390
0.785370
0.795360
0.805340
0.815320
0.825300
0.835280
0.845260
0.855240
0.865220
0.875200
0.885180
0.895170
0.905150
0.915130
0.925110
0.935090
0.945070
0.955050
0.965030
0.975010
0.984990
0.994970
1.004960
1.014940
1.024920
1.034900
1.044880
1.054860
1.064840
1.074820
1.084800
1.094780
1.104770
1.114750
1.124730
1.134710
1.144690
1.154670
1.164650
1.174630
1.184610
1.194590
1.204580
1.214560
1.224540
1.234520
1.244500
1.254480
1.264460
1.274440
1.284420
1.294400
1.304380
1.314370
1.324350
1.334330
1.344310
1.354290
1.364270
1.374250
1.384230
1.394210
1.404190
1.414180
1.424160
1.434140
1.444120
1.454100
1.464080
1.474060
1.484040
1.494020
1.504000
1.513990
1.523970
1.533950
1.543930
1.553910
1.563890
1.573870
1.583850
1.593830
1.603810
1.613800
1.623780
1.633760
1.643740
1.653720
1.663700
1.673680
1.683660
1.693640
1.703620
1.713600
1.723590
1.733570
1.743550
1.753530
1.763510
1.773490
1.783470
1.793450
1.803430
1.813410
1.823400
1.833380
1.843360
1.853340
1.863320
1.873300
1.883280
1.893260
1.903240
1.913220
1.923210
1.933190
1.943170
1.953150
1.963130
1.973110
1.983090
1.993070
2.003050
2.013030
2.023010
2.033000
2.042980
2.052960
2.062940
2.072920
2.082900
2.092880
2.102860
2.112840
2.122820
2.132810
2.142790
2.152770
2.162750
2.172730
2.182710
2.192690
2.202670
2.212650
2.222630
2.232620
2.242600
2.252580
2.262560
2.272540
2.282520
2.292500
2.302480
2.312460
2.322440
2.332420
2.342410
2.352390
2.362370
2.372350
2.382330
2.392310
2.402290
2.412270
2.422250
2.432230
2.442220
2.452200
2.462180
2.472160
2.482140
2.492120
2.502100
2.512080
2.522060
2.532040
2.542030
2.552010
2.561990
2.571970
2.581950
2.591930
2.601910
2.611890
2.621870
2.631850
2.641830
2.651820
2.661800
2.671780
2.681760
2.691740
2.701720
2.711700
2.721680
2.731660
2.741640
2.751630
2.761610
2.771590
2.781570
2.791550
2.801530
2.811510
2.821490
2.831470
2.841450
2.851440
2.861420
2.871400
2.881380
2.891360
2.901340
2.911320
2.921300
2.931280
2.941260
2.951250
2.961230
2.971210
2.981190
