0.012310
0.012300
0.012300
0.012290
0.012290
0.012280
0.012280
0.012270
0.012270
0.012260
0.012260
0.012260
0.012250
0.012250
0.012250
0.012240
0.012240
0.012240
0.012240
0.012230
0.012230
0.012230
0.012230
0.012230
0.012220
0.012220
0.012220
0.012220
0.012220
0.012220
0.012220
0.012220
0.012220
0.012220
0.012220
0.012220
0.012220
0.012220
0.012220
0.012220
0.012220
0.012230
0.012230
0.012230
0.012230
0.012230
0.012230
0.012240
0.012240
0.012240
0.012240
0.012240
0.012250
0.012250
0.012250
0.012260
0.012260
0.012260
0.012260
0.012270
0.012270
0.012270
0.012280
0.012280
0.012290
0.012290
0.012290
0.012300
0.012300
0.012310
0.012310
0.012310
0.012320
0.012320
0.012330
0.012330
0.012340
0.012340
0.012350
0.012350
0.012360
0.012360
0.012370
0.012370
0.012380
0.012380
0.012390
0.012390
0.012400
0.012400
0.012410
0.012410
0.012420
0.012420
0.012430
0.012430
0.012440
0.012450
0.012450
0.012460
0.012460
0.012470
0.012470
0.012480
0.012480
0.012490
0.012500
0.012500
0.012510
0.012510
0.012520
0.012520
0.012530
0.012530
0.012540
0.012550
0.012550
0.012560
0.012560
0.012570
0.012570
0.012580
0.012580
0.012590
0.012590
0.012600
0.012600
0.012610
0.012610
0.012620
0.012620
0.012630
0.012630
0.012640
0.012640
0.012650
0.012650
0.012660
0.012660
0.012670
0.012670
0.012680
0.012680
0.012680
0.012690
0.012690
0.012700
0.012700
0.012700
0.012710
0.012710
0.012710
0.012720
0.012720
0.012720
0.012730
0.012730
0.012730
0.012740
0.012740
0.012740
0.012740
0.012750
0.012750
0.012750
0.012750
0.012760
0.012760
0.012760
0.012760
0.012760
0.012760
0.012760
0.012760
0.012770
0.012770
0.012770
0.012770
0.012770
0.012770
0.012770
0.012770
0.012770
0.012770
0.012770
0.012770
0.012760
0.012760
0.012760
0.012760
0.012760
0.012760
0.012750
0.012750
0.012750
0.012750
0.012740
0.012740
0.012740
0.012740
0.012730
0.012730
0.012720
0.012720
0.012720
0.012710
0.012710
0.012700
0.012700
0.012690
0.012690
0.012680
0.012670
0.012670
0.012660
0.012650
0.012650
0.012640
0.012630
0.012630
0.012620
0.012610
0.012600
0.012590
0.012580
0.012580
0.012570
0.012560
0.012550
0.012540
0.012530
0.012520
0.012510
0.012500
0.012480
0.012470
0.012460
0.012450
0.012440
0.012420
0.012410
0.012400
0.012380
0.012370
0.012360
0.012340
0.012330
0.012310
0.012300
0.012280
0.012270
0.012250
0.012230
0.012220
0.012200
