0.008415
0.008415
0.008415
0.008415
0.008417
0.008418
0.008418
0.008421
0.008422
0.008424
0.008425
0.008426
0.008427
0.008429
0.008431
0.008432
0.008433
0.008435
0.008436
0.008437
0.008439
0.00844 
0.008442
0.008443
0.008444
0.008446
0.008447
0.008449
0.00845 
0.008452
0.008453
0.008453
0.008456
0.008456
0.008459
0.00846 
0.008461
0.008463
0.008463
0.008466
0.008467
0.008468
0.00847 
0.008471
0.008472
0.008474
0.008475
0.008477
0.008478
0.00848 
0.008481
0.008482
0.008484
0.008485
0.008487
0.008488
0.008489
0.008491
0.008491
0.008494
0.008495
0.008496
0.008498
0.008498
0.008501
0.008501
0.008503
0.008505
0.008506
0.008508
0.008508
0.00851 
0.008512
0.008513
0.008515
0.008516
0.008517
0.008519
0.00852 
0.008522
0.008523
0.008524
0.008526
0.008527
0.008529
0.00853 
0.008531
0.008533
0.008534
0.008536
0.008536
0.008538
0.008540
0.008541
0.008543
0.008543
0.008545
0.008547
0.008548
0.00855 
0.008551
0.008552
0.008554
0.008555
0.008557
0.008558
0.008559
0.008561
0.008562
0.008564
0.008565
0.008566
0.008568
0.008569
0.008571
0.008572
0.008573
0.008575
0.008576
0.008578
0.008579
0.00858 
0.008581
0.008583
0.008585
0.008586
0.008587
0.008588
0.00859 
0.008592
0.008593
0.008594
0.008596
0.008597
0.008599
0.0086  
0.008600
0.008603
0.008604
0.008606
0.008607
0.008607
0.00861 
0.008611
0.008613
0.008614
0.008615
0.008616
0.008618
0.00862 
0.008621
0.008622
0.008624
0.008625
0.008626
0.008628
0.008629
0.008631
0.008632
0.008633
0.008635
0.008636
0.008638
0.008639
0.008641
0.008642
0.008642
0.008645
0.008645
0.008648
0.008649
0.00865 
0.008652
0.008652
0.008655
0.008656
0.008657
0.008659
0.00866 
0.008661
0.008663
0.008664
0.008666
0.008667
0.008669
0.00867 
0.008671
0.008673
0.008674
0.008676
0.008677
0.008678
0.00868 
0.008681
0.008683
0.008684
0.008685
0.008687
0.008687
0.00869 
0.008691
0.008692
0.008694
0.008695
0.008697
0.008697
0.008699
0.008701
0.008702
0.008704
0.008705
0.008706
0.008708
0.008709
0.008711
0.008712
0.008713
0.008715
0.008716
0.008718
0.008719
0.008721
0.008722
0.008722
0.008725
0.008725
0.008727
0.008729
0.00873 
0.008732
0.008732
0.008734
0.008736
0.008737
0.008739
0.00874 
0.008741
0.008743
0.008744
0.008746
0.008747
0.008748
0.00875 
0.008751
0.008753
0.008754
0.008755
0.008757
0.008758
0.00876 
0.008761
0.008763
0.008764
0.008765
0.008767
0.008767
0.00877 
0.008770
0.008772
0.008774
0.008775
0.008777
0.008777
0.008779
0.008781
0.008782
0.008783
0.008785
0.008786
0.008788
0.008789
0.00879 
0.008792
0.008793
0.008795
0.008796
0.008796
0.008799
0.0088  
0.008802
0.008803
0.008803
0.008806
0.008807
0.008809
