0.009852100
0.009797000
0.009744100
0.009693500
0.009645100
0.009599000
0.009555200
0.009513600
0.009474300
0.009437300
0.009402500
0.009370000
0.009339700
0.009311700
0.009285900
0.009262400
0.009241200
0.009222200
0.009205500
0.009191100
0.009178900
0.009168900
0.009161300
0.009155900
0.009152700
0.009151800
0.009153200
0.009156800
0.009162700
0.009170800
0.009181300
0.009193900
0.009908500
0.009848700
0.009798700
0.009758500
0.009728000
0.009707300
0.009696400
0.009695200
0.009703800
0.009722200
0.009750300
0.009788300
0.009835900
0.009893400
0.009960600
0.010037500
0.010124300
0.010220800
0.010327100
0.010443100
0.010568900
0.010704500
0.010849800
0.011004900
0.011169800
0.011344400
0.011528800
0.011723000
0.011927000
0.010781500
0.009761800
0.009760100
0.009759300
0.009759600
0.009760800
0.009763100
0.009766400
0.009770600
0.009775900
0.009782200
0.009789400
0.009797700
0.009807000
0.009817200
0.009828500
0.009840800
0.009854000
0.009868300
0.009883600
0.009899800
0.009917100
0.009935400
0.009954600
0.009974900
0.009996200
0.010018400
0.010041700
0.010066000
0.010091300
0.010117500
0.010144800
0.010173100
0.010202400
0.010232600
0.010838300
0.010832700
0.010827200
0.010821900
0.010816700
0.010811600
0.010806700
0.010802000
0.010797300
0.010792800
0.010788500
0.010784200
0.010780200
0.010776200
0.010772400
0.010768700
0.010765200
0.010761800
0.010758500
0.010755400
0.010752400
0.010749600
0.010746900
0.010744300
0.010741900
0.010739600
0.010737400
0.010735400
0.010733500
0.010731700
0.010730100
0.010728700
0.010727300
0.010726100
0.010725100
0.010724100
0.010723400
0.010722700
0.010722200
0.010721800
0.010721600
0.010721500
0.010721500
0.010721700
0.010722000
0.010722500
0.010723100
0.010723800
0.010724600
0.010725600
0.010726800
0.010728100
0.010729500
0.010731000
0.010732700
0.010734500
0.010736500
0.010738600
0.010740900
0.010743200
0.010745700
0.010748400
0.010751200
0.010754100
0.011166600
0.011157900
0.011148900
0.011139600
0.011129900
0.011119900
0.011109600
0.011099000
0.011088100
0.011076900
0.011065300
0.011053400
0.011041300
0.011028700
0.011015900
0.011002800
0.010989300
0.010975600
0.010961500
0.010947100
0.010932300
0.010917300
0.010901900
0.010886300
0.010870300
0.010854000
0.010837300
0.010820400
0.010803100
0.010785600
0.010767700
0.010749400
0.010730900
0.010712100
0.010692900
0.010673400
0.010653600
0.010633500
0.010613100
0.010592400
0.010571300
0.010549900
0.010528200
0.010506200
0.010483900
0.010461200
0.010438300
0.010415000
0.010391400
0.010367500
0.010343300
0.010318700
0.010293800
0.010268700
0.010243200
0.010217400
0.010191200
0.010164800
0.010138000
0.010110900
0.010083500
0.010055800
0.010027800
0.009999400
