0.00985211
0.00979698
0.0097441
0.00969349
0.00964514
0.00959905
0.00955522
0.00951364
0.00947433
0.00943728
0.00940249
0.00936996
0.00933968
0.00931167
0.00928592
0.00926243
0.0092412
0.00922222
0.00920551
0.00919106
0.00917887
0.00916894
0.00916126
0.00915585
0.0091527
0.00915181
0.00915318
0.0091568
0.00916269
0.00917084
0.00918125
0.00919392
0.00990847
0.00984871
0.00979871
0.00975848
0.00972802
0.00970732
0.0096964
0.00969523
0.00970384
0.00972221
0.00975035
0.00978825
0.00983593
0.00989336
0.00996057
0.0100375
0.0101243
0.0102208
0.0103271
0.0104431
0.0105689
0.0107045
0.0108498
0.0110049
0.0111698
0.0113444
0.0115289
0.011723
0.011927
0.0107815
0.00976181
0.00976006
0.00975932
0.00975958
0.00976085
0.00976311
0.00976637
0.00977063
0.0097759
0.00978216
0.00978942
0.00979769
0.00980695
0.00981722
0.00982849
0.00984075
0.00985402
0.00986829
0.00988356
0.00989982
0.00991709
0.00993536
0.00995463
0.0099749
0.00999618
0.0100184
0.0100417
0.010066
0.0100913
0.0101175
0.0101448
0.0101731
0.0102024
0.0102326
0.0108383
0.0108327
0.0108272
0.0108219
0.0108167
0.0108117
0.0108067
0.010802
0.0107973
0.0107928
0.0107885
0.0107843
0.0107802
0.0107762
0.0107724
0.0107687
0.0107652
0.0107618
0.0107585
0.0107554
0.0107524
0.0107496
0.0107469
0.0107443
0.0107419
0.0107396
0.0107374
0.0107354
0.0107335
0.0107317
0.0107301
0.0107287
0.0107273
0.0107261
0.0107251
0.0107241
0.0107233
0.0107227
0.0107222
0.0107218
0.0107216
0.0107215
0.0107215
0.0107217
0.010722
0.0107225
0.0107231
0.0107238
0.0107247
0.0107256
0.0107268
0.0107281
0.0107295
0.010731
0.0107327
0.0107346
0.0107365
0.0107386
0.0107408
0.0107432
0.0107457
0.0107484
0.0107512
0.0107541
0.0111666
0.0111579
0.0111489
0.0111395
0.0111299
0.0111199
0.0111096
0.011099
0.0110881
0.0110769
0.0110653
0.0110534
0.0110412
0.0110288
0.0110159
0.0110028
0.0109893
0.0109756
0.0109615
0.0109471
0.0109323
0.0109173
0.0109019
0.0108863
0.0108703
0.010854
0.0108373
0.0108204
0.0108031
0.0107856
0.0107677
0.0107494
0.0107309
0.0107121
0.0106929
0.0106734
0.0106537
0.0106335
0.0106131
0.0105924
0.0105713
0.0105499
0.0105282
0.0105062
0.0104839
0.0104612
0.0104383
0.010415
0.0103914
0.0103675
0.0103433
0.0103187
0.0102939
0.0102687
0.0102432
0.0102174
0.0101912
0.0101648
0.010138
0.0101109
0.0100835
0.0100558
0.0100278
0.00999943
