0.009852108
0.009796976
0.009744104
0.009693492
0.009645140
0.009599048
0.009555216
0.009513644
0.009474332
0.009437280
0.009402488
0.009369956
0.009339684
0.009311672
0.009285920
0.009262428
0.009241196
0.009222224
0.009205512
0.009191060
0.009178868
0.009168936
0.009161264
0.009155852
0.009152700
0.009151808
0.009153176
0.009156804
0.009162692
0.009170840
0.009181248
0.009193916
0.009908470
0.009848708
0.009798712
0.009758482
0.009728020
0.009707324
0.009696396
0.009695234
0.009703838
0.009722210
0.009750348
0.009788254
0.009835926
0.009893364
0.009960570
0.010037542
0.010124282
0.010220788
0.010327060
0.010443100
0.010568906
0.010704480
0.010849820
0.011004926
0.011169800
0.011344440
0.011528848
0.011723022
0.011926962
0.010781530
0.009761804
0.009760064
0.009759324
0.009759585
0.009760846
0.009763108
0.009766370
0.009770633
0.009775896
0.009782160
0.009789424
0.009797689
0.009806954
0.009817220
0.009828486
0.009840753
0.009854020
0.009868288
0.009883556
0.009899825
0.009917094
0.009935364
0.009954634
0.009974905
0.009996176
0.010018448
0.010041720
0.010065993
0.010091266
0.010117540
0.010144814
0.010173089
0.010202364
0.010232640
0.010838264
0.010832666
0.010827206
0.010821882
0.010816697
0.010811649
0.010806738
0.010801965
0.010797329
0.010792831
0.010788470
0.010784247
0.010780161
0.010776213
0.010772402
0.010768729
0.010765193
0.010761795
0.010758534
0.010755411
0.010752425
0.010749577
0.010746866
0.010744293
0.010741858
0.010739559
0.010737398
0.010735375
0.010733489
0.010731741
0.010730130
0.010728657
0.010727321
0.010726123
0.010725062
0.010724139
0.010723353
0.010722705
0.010722194
0.010721821
0.010721585
0.010721487
0.010721526
0.010721703
0.010722017
0.010722468
0.010723058
0.010723784
0.010724648
0.010725650
0.010726789
0.010728066
0.010729480
0.010731032
0.010732721
0.010734547
0.010736511
0.010738613
0.010740852
0.010743229
0.010745743
0.010748395
0.010751184
0.010754110
0.011166613
0.011157909
0.011148888
0.011139550
0.011129896
0.011119924
0.011109636
0.011099031
0.011088109
0.011076870
0.011065314
0.011053442
0.011041252
0.011028746
0.011015923
0.011002783
0.010989326
0.010975552
0.010961461
0.010947054
0.010932330
0.010917288
0.010901930
0.010886256
0.010870264
0.010853955
0.010837330
0.010820387
0.010803128
0.010785552
0.010767659
0.010749449
0.010730923
0.010712079
0.010692919
0.010673442
0.010653647
0.010633536
0.010613109
0.010592364
0.010571302
0.010549924
0.010528229
0.010506217
0.010483888
0.010461242
0.010438279
0.010415000
0.010391403
0.010367490
0.010343260
0.010318713
0.010293849
0.010268668
0.010243171
0.010217356
0.010191225
0.010164777
0.010138012
0.010110930
0.010083531
0.010055816
0.010027783
0.009999434
