9.852108
9.796976
9.744104
9.693492
9.645140
9.599048
9.555216
9.513644
9.474332
9.437280
9.402488
9.369956
9.339684
9.311672
9.285920
9.262428
9.241196
9.222224
9.205512
9.191060
9.178868
9.168936
9.161264
9.155852
9.152700
9.151808
9.153176
9.156804
9.162692
9.170840
9.181248
9.193916
9.908470
9.848707
9.798712
9.758482
9.728020
9.707324
9.696396
9.695233
9.703838
9.722210
9.750348
9.788254
9.835926
9.893364
9.960570
10.03754
10.12428
10.22079
10.32706
10.44310
10.56891
10.70448
10.84982
11.00493
11.16980
11.34444
11.52885
11.72302
11.92696
10.78153
9.761805
9.760064
9.759324
9.759585
9.760846
9.763108
9.766370
9.770633
9.775896
9.782160
9.789424
9.797689
9.806954
9.817220
9.828486
9.840753
9.854020
9.868288
9.883556
9.899825
9.917094
9.935364
9.954635
9.974905
9.996177
10.01845
10.04172
10.06599
10.09127
10.11754
10.14481
10.17309
10.20236
10.23264
10.83826
10.83267
10.82721
10.82188
10.81670
10.81165
10.80674
10.80196
10.79733
10.79283
10.78847
10.78425
10.78016
10.77621
10.77240
10.76873
10.76519
10.76180
10.75853
10.75541
10.75243
10.74958
10.74687
10.74429
10.74186
10.73956
10.73740
10.73538
10.73349
10.73174
10.73013
10.72866
10.72732
10.72612
10.72506
10.72414
10.72335
10.72270
10.72219
10.72182
10.72159
10.72149
10.72153
10.72170
10.72202
10.72247
10.72306
10.72378
10.72465
10.72565
10.72679
10.72807
10.72948
10.73103
10.73272
10.73455
10.73651
10.73861
10.74085
10.74323
10.74574
10.74839
10.75118
10.75411
11.16661
11.15791
11.14889
11.13955
11.12990
11.11992
11.10964
11.09903
11.08811
11.07687
11.06531
11.05344
11.04125
11.02875
11.01592
11.00278
10.98933
10.97555
10.96146
10.94705
10.93233
10.91729
10.90193
10.88626
10.87026
10.85396
10.83733
10.82039
10.80313
10.78555
10.76766
10.74945
10.73092
10.71208
10.69292
10.67344
10.65365
10.63354
10.61311
10.59236
10.57130
10.54992
10.52823
10.50622
10.48389
10.46124
10.43828
10.41500
10.39140
10.36749
10.34326
10.31871
10.29385
10.26867
10.24317
10.21736
10.19123
10.16478
10.13801
10.11093
10.08353
10.05582
10.02778
9.999434
