0.36592981
0.37559399
0.38526254
0.39493552
0.40461288
0.41429462
0.42398077
0.43367130
0.44336621
0.45306552
0.46276920
0.47247729
0.48218976
0.49190665
0.50162790
0.51135355
0.52108356
0.53081799
0.54055682
0.55030005
0.56004767
0.56979962
0.57955603
0.58931677
0.59908191
0.60885150
0.61862543
0.62840375
0.63818646
0.64797357
0.65776508
0.66756097
0.65579230
0.66559937
0.67540125
0.68519794
0.69498938
0.70477563
0.71455664
0.72433252
0.73410309
0.74386853
0.75362872
0.76338373
0.77313348
0.78287805
0.79261743
0.80235156
0.81208051
0.82180426
0.83152277
0.84123608
0.85094415
0.86064709
0.87034479
0.88003723
0.88972449
0.89940656
0.90908337
0.91875507
0.92842145
0.93808270
0.94773871
0.95738947
0.96703510
0.97667548
0.98631061
0.99594055
1.00556531
1.01518488
1.02479919
1.03440833
1.04401221
1.05361096
1.06320447
1.07279272
1.08237573
1.09195361
1.10152625
1.11109375
1.12065601
1.13021301
1.13976477
1.14931140
1.15885278
1.16838904
1.17791992
1.18744580
1.19696631
1.20648169
1.21599182
1.22549670
1.23499646
1.24449097
1.25398022
1.26346436
1.25337292
1.26334570
1.27331824
1.28329053
1.29326245
1.30323425
1.31320581
1.32317712
1.33314807
1.34311890
1.35308948
1.36305981
1.37302991
1.38299976
1.39296936
1.40293872
1.41290784
1.42287671
1.43284534
1.44281372
1.45278186
1.46274988
1.47271753
1.48268494
1.49265210
1.50261902
1.51258582
1.52255225
1.53251843
1.54248450
1.55245020
1.56241565
1.57238098
1.58234595
1.59231079
1.60227527
1.61223962
1.62220361
1.63216748
1.64213098
1.65209436
1.66205750
1.67202026
1.68198291
1.69194531
1.70190735
1.71186926
1.72183093
1.73179236
1.74175342
1.75171436
1.76167505
1.77163550
1.78159570
1.79155566
1.80151538
1.81147485
1.82143408
1.83139307
1.84135181
1.85131030
1.86126855
1.87122656
1.87238428
1.86686377
1.87692529
1.88698462
1.89704150
1.90709607
1.91714844
1.92719849
1.93724609
1.94729150
1.95733459
1.96737537
1.97741382
1.98745007
1.99748389
2.00751538
2.01754468
2.02757166
2.03759619
2.04761865
2.05763867
2.06765625
2.07767163
2.08768481
2.09769556
2.10770410
2.11771021
2.12771411
2.13771558
2.14771484
2.15771191
2.16770654
2.17769897
2.18768896
2.19767651
2.20766211
2.21764526
2.22762598
2.23760449
2.24758057
2.25755444
2.26752612
2.27749536
2.28746240
2.29742700
2.30738940
2.31734937
2.32730713
2.33726245
2.34721558
2.35716650
2.36711499
2.37706104
2.38700513
2.39694653
2.40688599
2.41682300
2.42675757
2.43668994
2.44661987
2.45654761
2.46647314
2.47639624
2.48631714
2.49623560
