0.100000 
0.100200 
0.100400 
0.100600 
0.100800 
0.101000 
0.101200 
0.101400 
0.101600 
0.101800 
0.102000 
0.102200 
0.102400 
0.102600 
0.102800 
0.103000 
0.103200 
0.103400 
0.103600 
0.103800 
0.104000 
0.104200 
0.104400 
0.104600 
0.104800 
0.105000 
0.105200 
0.105400 
0.105600 
0.105800 
0.106000 
0.106200 
0.106400 
0.106600 
0.106800 
0.107000 
0.107200 
0.107400 
0.107600 
0.107800 
0.108000 
0.108200 
0.108400 
0.108600 
0.108800 
0.109000 
0.109200 
0.109400 
0.109600 
0.109800 
0.110000 
0.110200 
0.110400 
0.110600 
0.110800 
0.111000 
0.111200 
0.111400 
0.111600 
0.111800 
0.112000 
0.112200 
0.112400 
0.112600 
0.112800 
0.113000 
0.113200 
0.113400 
0.113600 
0.113800 
0.114000 
0.114200 
0.114400 
0.114600 
0.114800 
0.115000 
0.115200 
0.115400 
0.115600 
0.115800 
0.116000 
0.116200 
0.116400 
0.116600 
0.116800 
0.117000 
0.117200 
0.117400 
0.117600 
0.117800 
0.118000 
0.118200 
0.118400 
0.118600 
0.118800 
0.119000 
0.119200 
0.119400 
0.119600 
0.119800 
0.120000 
0.120200 
0.120400 
0.120600 
0.120800 
0.121000 
0.121200 
0.121400 
0.121600 
0.121800 
0.122000 
0.122200 
0.122400 
0.122600 
0.122800 
0.123000 
0.123200 
0.123400 
0.123600 
0.123800 
0.124000 
0.124200 
0.124400 
0.124600 
0.124800 
0.125000 
0.125200 
0.125400 
0.125600 
0.125800 
0.126000 
0.126200 
0.126400 
0.126600 
0.126800 
0.127000 
0.127200 
0.127400 
0.127600 
0.127800 
0.128000 
0.128200 
0.128400 
0.128600 
0.128800 
0.129000 
0.129200 
0.129400 
0.129600 
0.129800 
0.130000 
0.130200 
0.130400 
0.130600 
0.130800 
0.131000 
0.131200 
0.131400 
0.131600 
0.131800 
0.132000 
0.132200 
0.132400 
0.132600 
0.132800 
0.133000 
0.133200 
0.133400 
0.133600 
0.133800 
0.134000 
0.134200 
0.134400 
0.134600 
0.134800 
0.135000 
0.135200 
0.135400 
0.135600 
0.135800 
0.136000 
0.136200 
0.136400 
0.136600 
0.136800 
0.137000 
0.137200 
0.137400 
0.137600 
0.137800 
0.138000 
0.138200 
0.138400 
0.138600 
0.138800 
0.139000 
0.139200 
0.139400 
0.139600 
0.139800 
0.140000 
0.140200 
0.140400 
0.140600 
0.140800 
0.141000 
0.141200 
0.141400 
0.141600 
0.141800 
0.142000 
0.142200 
0.142400 
0.142600 
0.142800 
0.143000 
0.143200 
0.143400 
0.143600 
0.143800 
0.144000 
0.144200 
0.144400 
0.144600 
0.144800 
0.145000 
0.145200 
0.145400 
0.145600 
0.145800 
0.146000 
0.146200 
0.146400 
0.146600 
0.146800 
0.147000 
0.147200 
0.147400 
0.147600 
0.147800 
0.148000 
0.148200 
0.148400 
0.148600 
0.148800 
0.149000 
0.149200 
0.149400 
0.149600 
0.149800 
0.150000 
0.150200 
0.150400 
0.150600 
0.150800 
0.151000 
0.151200 
0.151400 
0.151600 
0.151800 
0.152000 
0.152200 
0.152400 
0.152600 
0.152800 
0.153000 
0.153200 
0.153400 
0.153600 
0.153800 
0.154000 
0.154200 
0.154400 
0.154600 
0.154800 
0.155000 
0.155200 
0.155400 
0.155600 
0.155800 
0.156000 
0.156200 
0.156400 
0.156600 
0.156800 
0.157000 
0.157200 
0.157400 
0.157600 
0.157800 
0.158000 
0.158200 
0.158400 
0.158600 
0.158800 
0.159000 
0.159200 
0.159400 
0.159600 
0.159800 
0.160000 
0.160200 
0.160400 
0.160600 
0.160800 
0.161000 
0.161200 
0.161400 
0.161600 
0.161800 
0.162000 
0.162200 
0.162400 
0.162600 
0.162800 
0.163000 
0.163200 
0.163400 
0.163600 
0.163800 
0.164000 
0.164200 
0.164400 
0.164600 
0.164800 
0.165000 
0.165200 
0.165400 
0.165600 
0.165800 
0.166000 
0.166200 
0.166400 
0.166600 
0.166800 
0.167000 
0.167200 
0.167400 
0.167600 
0.167800 
0.168000 
0.168200 
0.168400 
0.168600 
0.168800 
0.169000 
0.169200 
0.169400 
0.169600 
0.169800 
0.170000 
0.170200 
0.170400 
0.170600 
0.170800 
0.171000 
0.171200 
0.171400 
0.171600 
0.171800 
0.172000 
0.172200 
0.172400 
0.172600 
0.172800 
0.173000 
0.173200 
0.173400 
0.173600 
0.173800 
0.174000 
0.174200 
0.174400 
0.174600 
0.174800 
0.175000 
0.175200 
0.175400 
0.175600 
0.175800 
0.176000 
0.176200 
0.176400 
0.176600 
0.176800 
0.177000 
0.177200 
0.177400 
0.177600 
0.177800 
0.178000 
0.178200 
0.178400 
0.178600 
0.178800 
0.179000 
0.179200 
0.179400 
0.179600 
0.179800 
0.180000 
0.180200 
0.180400 
0.180600 
0.180800 
0.181000 
0.181200 
0.181400 
0.181600 
0.181800 
0.182000 
0.182200 
0.182400 
0.182600 
0.182800 
0.183000 
0.183200 
0.183400 
0.183600 
0.183800 
0.184000 
0.184200 
0.184400 
0.184600 
0.184800 
0.185000 
0.185200 
0.185400 
0.185600 
0.185800 
0.186000 
0.186200 
0.186400 
0.186600 
0.186800 
0.187000 
0.187200 
0.187400 
0.187600 
0.187800 
0.188000 
0.188200 
0.188400 
0.188600 
0.188800 
0.189000 
0.189200 
0.189400 
0.189600 
0.189800 
0.190000 
0.190200 
0.190400 
0.190600 
0.190800 
0.191000 
0.191200 
0.191400 
0.191600 
0.191800 
0.192000 
0.192200 
0.192400 
0.192600 
0.192800 
0.193000 
0.193200 
0.193400 
0.193600 
0.193800 
0.194000 
0.194200 
0.194400 
0.194600 
0.194800 
0.195000 
0.195200 
0.195400 
0.195600 
0.195800 
0.196000 
0.196200 
0.196400 
0.196600 
0.196800 
0.197000 
0.197200 
0.197400 
0.197600 
0.197800 
0.198000 
0.198200 
0.198400 
0.198600 
0.198800 
0.199000 
0.199200 
0.199400 
0.199600 
0.199800 
0.200000 
0.201000 
0.202000 
0.203000 
0.204000 
0.205000 
0.206000 
0.207000 
0.208000 
0.209000 
0.210000 
0.211000 
0.212000 
0.213000 
0.214000 
0.215000 
0.216000 
0.217000 
0.218000 
0.219000 
0.220000 
0.221000 
0.222000 
0.223000 
0.224000 
0.225000 
0.226000 
0.227000 
0.228000 
0.229000 
0.230000 
0.231000 
0.232000 
0.233000 
0.234000 
0.235000 
0.236000 
0.237000 
0.238000 
0.239000 
0.240000 
0.241000 
0.242000 
0.243000 
0.244000 
0.245000 
0.246000 
0.247000 
0.248000 
0.249000 
0.250000 
0.251000 
0.252000 
0.253000 
0.254000 
0.255000 
0.256000 
0.257000 
0.258000 
0.259000 
0.260000 
0.261000 
0.262000 
0.263000 
0.264000 
0.265000 
0.266000 
0.267000 
0.268000 
0.269000 
0.270000 
0.271000 
0.272000 
0.273000 
0.274000 
0.275000 
0.276000 
0.277000 
0.278000 
0.279000 
0.280000 
0.281000 
0.282000 
0.283000 
0.284000 
0.285000 
0.286000 
0.287000 
0.288000 
0.289000 
0.290000 
0.291000 
0.292000 
0.293000 
0.294000 
0.295000 
0.296000 
0.297000 
0.298000 
0.299000 
0.300000 
0.301000 
0.302000 
0.303000 
0.304000 
0.305000 
0.306000 
0.307000 
0.308000 
0.309000 
0.310000 
0.311000 
0.312000 
0.313000 
0.314000 
0.315000 
0.316000 
0.317000 
0.318000 
0.319000 
0.320000 
0.321000 
0.322000 
0.323000 
0.324000 
0.325000 
0.326000 
0.327000 
0.328000 
0.329000 
0.330000 
0.331000 
0.332000 
0.333000 
0.334000 
0.335000 
0.336000 
0.337000 
0.338000 
0.339000 
0.340000 
0.341000 
0.342000 
0.343000 
0.344000 
0.345000 
0.346000 
0.347000 
0.348000 
0.349000 
0.350000 
0.351000 
0.352000 
0.353000 
0.354000 
0.355000 
0.356000 
0.357000 
0.358000 
0.359000 
0.360000 
0.361000 
0.362000 
0.363000 
0.364000 
0.365000 
0.366000 
0.367000 
0.368000 
0.369000 
0.370000 
0.371000 
0.372000 
0.373000 
0.374000 
0.375000 
0.376000 
0.377000 
0.378000 
0.379000 
0.380000 
0.381000 
0.382000 
0.383000 
0.384000 
0.385000 
0.386000 
0.387000 
0.388000 
0.389000 
0.390000 
0.391000 
0.392000 
0.393000 
0.394000 
0.395000 
0.396000 
0.397000 
0.398000 
0.399000 
0.400000 
0.401000 
0.402000 
0.403000 
0.404000 
0.405000 
0.406000 
0.407000 
0.408000 
0.409000 
0.410000 
0.411000 
0.412000 
0.413000 
0.414000 
0.415000 
0.416000 
0.417000 
0.418000 
0.419000 
0.420000 
0.421000 
0.422000 
0.423000 
0.424000 
0.425000 
0.426000 
0.427000 
0.428000 
0.429000 
0.430000 
0.431000 
0.432000 
0.433000 
0.434000 
0.435000 
0.436000 
0.437000 
0.438000 
0.439000 
0.440000 
0.441000 
0.442000 
0.443000 
0.444000 
0.445000 
0.446000 
0.447000 
0.448000 
0.449000 
0.450000 
0.451000 
0.452000 
0.453000 
0.454000 
0.455000 
0.456000 
0.457000 
0.458000 
0.459000 
0.460000 
0.461000 
0.462000 
0.463000 
0.464000 
0.465000 
0.466000 
0.467000 
0.468000 
0.469000 
0.470000 
0.471000 
0.472000 
0.473000 
0.474000 
0.475000 
0.476000 
0.477000 
0.478000 
0.479000 
0.480000 
0.481000 
0.482000 
0.483000 
0.484000 
0.485000 
0.486000 
0.487000 
0.488000 
0.489000 
0.490000 
0.491000 
0.492000 
0.493000 
0.494000 
0.495000 
0.496000 
0.497000 
0.498000 
0.499000 
0.500000 
0.501000 
0.502000 
0.503000 
0.504000 
0.505000 
0.506000 
0.507000 
0.508000 
0.509000 
0.510000 
0.511000 
0.512000 
0.513000 
0.514000 
0.515000 
0.516000 
0.517000 
0.518000 
0.519000 
0.520000 
0.521000 
0.522000 
0.523000 
0.524000 
0.525000 
0.526000 
0.527000 
0.528000 
0.529000 
0.530000 
0.531000 
0.532000 
0.533000 
0.534000 
0.535000 
0.536000 
0.537000 
0.538000 
0.539000 
0.540000 
0.541000 
0.542000 
0.543000 
0.544000 
0.545000 
0.546000 
0.547000 
0.548000 
0.549000 
0.550000 
0.551000 
0.552000 
0.553000 
0.554000 
0.555000 
0.556000 
0.557000 
0.558000 
0.559000 
0.560000 
0.561000 
0.562000 
0.563000 
0.564000 
0.565000 
0.566000 
0.567000 
0.568000 
0.569000 
0.570000 
0.571000 
0.572000 
0.573000 
0.574000 
0.575000 
0.576000 
0.577000 
0.578000 
0.579000 
0.580000 
0.581000 
0.582000 
0.583000 
0.584000 
0.585000 
0.586000 
0.587000 
0.588000 
0.589000 
0.590000 
0.591000 
0.592000 
0.593000 
0.594000 
0.595000 
0.596000 
0.597000 
0.598000 
0.599000 
0.600000 
0.601000 
0.602000 
0.603000 
0.604000 
0.605000 
0.606000 
0.607000 
0.608000 
0.609000 
0.610000 
0.611000 
0.612000 
0.613000 
0.614000 
0.615000 
0.616000 
0.617000 
0.618000 
0.619000 
0.620000 
0.621000 
0.622000 
0.623000 
0.624000 
0.625000 
0.626000 
0.627000 
0.628000 
0.629000 
0.630000 
0.631000 
0.632000 
0.633000 
0.634000 
0.635000 
0.636000 
0.637000 
0.638000 
0.639000 
0.640000 
0.641000 
0.642000 
0.643000 
0.644000 
0.645000 
0.646000 
0.647000 
0.648000 
0.649000 
0.650000 
0.651000 
0.652000 
0.653000 
0.654000 
0.655000 
0.656000 
0.657000 
0.658000 
0.659000 
0.660000 
0.661000 
0.662000 
0.663000 
0.664000 
0.665000 
0.666000 
0.667000 
0.668000 
0.669000 
0.670000 
0.671000 
0.672000 
0.673000 
0.674000 
0.675000 
0.676000 
0.677000 
0.678000 
0.679000 
0.680000 
0.681000 
0.682000 
0.683000 
0.684000 
0.685000 
0.686000 
0.687000 
0.688000 
0.689000 
0.690000 
0.691000 
0.692000 
0.693000 
0.694000 
0.695000 
0.696000 
0.697000 
0.698000 
0.699000 
0.700000 
0.701000 
0.702000 
0.703000 
0.704000 
0.705000 
0.706000 
0.707000 
0.708000 
0.709000 
0.710000 
0.711000 
0.712000 
0.713000 
0.714000 
0.715000 
0.716000 
0.717000 
0.718000 
0.719000 
0.720000 
0.721000 
0.722000 
0.723000 
0.724000 
0.725000 
0.726000 
0.727000 
0.728000 
0.729000 
0.730000 
0.731000 
0.732000 
0.733000 
0.734000 
0.735000 
0.736000 
0.737000 
0.738000 
0.739000 
0.740000 
0.741000 
0.742000 
0.743000 
0.744000 
0.745000 
0.746000 
0.747000 
0.748000 
0.749000 
0.750000 
0.751000 
0.752000 
0.753000 
0.754000 
0.755000 
0.756000 
0.757000 
0.758000 
0.759000 
0.760000 
0.761000 
0.762000 
0.763000 
0.764000 
0.765000 
0.766000 
0.767000 
0.768000 
0.769000 
0.770000 
0.771000 
0.772000 
0.773000 
0.774000 
0.775000 
0.776000 
0.777000 
0.778000 
0.779000 
0.780000 
0.781000 
0.782000 
0.783000 
0.784000 
0.785000 
0.786000 
0.787000 
0.788000 
0.789000 
0.790000 
0.791000 
0.792000 
0.793000 
0.794000 
0.795000 
0.796000 
0.797000 
0.798000 
0.799000 
0.800000 
0.801000 
0.802000 
0.803000 
0.804000 
0.805000 
0.806000 
0.807000 
0.808000 
0.809000 
0.810000 
0.811000 
0.812000 
0.813000 
0.814000 
0.815000 
0.816000 
0.817000 
0.818000 
0.819000 
0.820000 
0.821000 
0.822000 
0.823000 
0.824000 
0.825000 
0.826000 
0.827000 
0.828000 
0.829000 
0.830000 
0.831000 
0.832000 
0.833000 
0.834000 
0.835000 
0.836000 
0.837000 
0.838000 
0.839000 
0.840000 
0.841000 
0.842000 
0.843000 
0.844000 
0.845000 
0.846000 
0.847000 
0.848000 
0.849000 
0.850000 
0.851000 
0.852000 
0.853000 
0.854000 
0.855000 
0.856000 
0.857000 
0.858000 
0.859000 
0.860000 
0.861000 
0.862000 
0.863000 
0.864000 
0.865000 
0.866000 
0.867000 
0.868000 
0.869000 
0.870000 
0.871000 
0.872000 
0.873000 
0.874000 
0.875000 
0.876000 
0.877000 
0.878000 
0.879000 
0.880000 
0.881000 
0.882000 
0.883000 
0.884000 
0.885000 
0.886000 
0.887000 
0.888000 
0.889000 
0.890000 
0.891000 
0.892000 
0.893000 
0.894000 
0.895000 
0.896000 
0.897000 
0.898000 
0.899000 
0.900000 
0.901000 
0.902000 
0.903000 
0.904000 
0.905000 
0.906000 
0.907000 
0.908000 
0.909000 
0.910000 
0.911000 
0.912000 
0.913000 
0.914000 
0.915000 
0.916000 
0.917000 
0.918000 
0.919000 
0.920000 
0.921000 
0.922000 
0.923000 
0.924000 
0.925000 
0.926000 
0.927000 
0.928000 
0.929000 
0.930000 
0.931000 
0.932000 
0.933000 
0.934000 
0.935000 
0.936000 
0.937000 
0.938000 
0.939000 
0.940000 
0.941000 
0.942000 
0.943000 
0.944000 
0.945000 
0.946000 
0.947000 
0.948000 
0.949000 
0.950000 
0.951000 
0.952000 
0.953000 
0.954000 
0.955000 
0.956000 
0.957000 
0.958000 
0.959000 
0.960000 
0.961000 
0.962000 
0.963000 
0.964000 
0.965000 
0.966000 
0.967000 
0.968000 
0.969000 
0.970000 
0.971000 
0.972000 
0.973000 
0.974000 
0.975000 
0.976000 
0.977000 
0.978000 
0.979000 
0.980000 
0.981000 
0.982000 
0.983000 
0.984000 
0.985000 
0.986000 
0.987000 
0.988000 
0.989000 
0.990000 
0.991000 
0.992000 
0.993000 
0.994000 
0.995000 
0.996000 
0.997000 
0.998000 
0.999000 
1.000000 
1.002000 
1.004000 
1.006000 
1.008000 
1.010000 
1.012000 
1.014000 
1.016000 
1.018000 
1.020000 
1.022000 
1.024000 
1.026000 
1.028000 
1.030000 
1.032000 
1.034000 
1.036000 
1.038000 
1.040000 
1.042000 
1.044000 
1.046000 
1.048000 
1.050000 
1.052000 
1.054000 
1.056000 
1.058000 
1.060000 
1.062000 
1.064000 
1.066000 
1.068000 
1.070000 
1.072000 
1.074000 
1.076000 
1.078000 
1.080000 
1.082000 
1.084000 
1.086000 
1.088000 
1.090000 
1.092000 
1.094000 
1.096000 
1.098000 
1.100000 
1.102000 
1.104000 
1.106000 
1.108000 
1.110000 
1.112000 
1.114000 
1.116000 
1.118000 
1.120000 
1.122000 
1.124000 
1.126000 
1.128000 
1.130000 
1.132000 
1.134000 
1.136000 
1.138000 
1.140000 
1.142000 
1.144000 
1.146000 
1.148000 
1.150000 
1.152000 
1.154000 
1.156000 
1.158000 
1.160000 
1.162000 
1.164000 
1.166000 
1.168000 
1.170000 
1.172000 
1.174000 
1.176000 
1.178000 
1.180000 
1.182000 
1.184000 
1.186000 
1.188000 
1.190000 
1.192000 
1.194000 
1.196000 
1.198000 
1.200000 
1.202000 
1.204000 
1.206000 
1.208000 
1.210000 
1.212000 
1.214000 
1.216000 
1.218000 
1.220000 
1.222000 
1.224000 
1.226000 
1.228000 
1.230000 
1.232000 
1.234000 
1.236000 
1.238000 
1.240000 
1.242000 
1.244000 
1.246000 
1.248000 
1.250000 
1.252000 
1.254000 
1.256000 
1.258000 
1.260000 
1.262000 
1.264000 
1.266000 
1.268000 
1.270000 
1.272000 
1.274000 
1.276000 
1.278000 
1.280000 
1.282000 
1.284000 
1.286000 
1.288000 
1.290000 
1.292000 
1.294000 
1.296000 
1.298000 
1.300000 
1.302000 
1.304000 
1.306000 
1.308000 
1.310000 
1.312000 
1.314000 
1.316000 
1.318000 
1.320000 
1.322000 
1.324000 
1.326000 
1.328000 
1.330000 
1.332000 
1.334000 
1.336000 
1.338000 
1.340000 
1.342000 
1.344000 
1.346000 
1.348000 
1.350000 
1.352000 
1.354000 
1.356000 
1.358000 
1.360000 
1.362000 
1.364000 
1.366000 
1.368000 
1.370000 
1.372000 
1.374000 
1.376000 
1.378000 
1.380000 
1.382000 
1.384000 
1.386000 
1.388000 
1.390000 
1.392000 
1.394000 
1.396000 
1.398000 
1.400000 
1.402000 
1.404000 
1.406000 
1.408000 
1.410000 
1.412000 
1.414000 
1.416000 
1.418000 
1.420000 
1.422000 
1.424000 
1.426000 
1.428000 
1.430000 
1.432000 
1.434000 
1.436000 
1.438000 
1.440000 
1.442000 
1.444000 
1.446000 
1.448000 
1.450000 
1.452000 
1.454000 
1.456000 
1.458000 
1.460000 
1.462000 
1.464000 
1.466000 
1.468000 
1.470000 
1.472000 
1.474000 
1.476000 
1.478000 
1.480000 
1.482000 
1.484000 
1.486000 
1.488000 
1.490000 
1.492000 
1.494000 
1.496000 
1.498000 
1.500000 
1.502000 
1.504000 
1.506000 
1.508000 
1.510000 
1.512000 
1.514000 
1.516000 
1.518000 
1.520000 
1.522000 
1.524000 
1.526000 
1.528000 
1.530000 
1.532000 
1.534000 
1.536000 
1.538000 
1.540000 
1.542000 
1.544000 
1.546000 
1.548000 
1.550000 
1.552000 
1.554000 
1.556000 
1.558000 
1.560000 
1.562000 
1.564000 
1.566000 
1.568000 
1.570000 
1.572000 
1.574000 
1.576000 
1.578000 
1.580000 
1.582000 
1.584000 
1.586000 
1.588000 
1.590000 
1.592000 
1.594000 
1.596000 
1.598000 
1.600000 
1.602000 
1.604000 
1.606000 
1.608000 
1.610000 
1.612000 
1.614000 
1.616000 
1.618000 
1.620000 
1.622000 
1.624000 
1.626000 
1.628000 
1.630000 
1.632000 
1.634000 
1.636000 
1.638000 
1.640000 
1.642000 
1.644000 
1.646000 
1.648000 
1.650000 
1.652000 
1.654000 
1.656000 
1.658000 
1.660000 
1.662000 
1.664000 
1.666000 
1.668000 
1.670000 
1.672000 
1.674000 
1.676000 
1.678000 
1.680000 
1.682000 
1.684000 
1.686000 
1.688000 
1.690000 
1.692000 
1.694000 
1.696000 
1.698000 
1.700000 
1.702000 
1.704000 
1.706000 
1.708000 
1.710000 
1.712000 
1.714000 
1.716000 
1.718000 
1.720000 
1.722000 
1.724000 
1.726000 
1.728000 
1.730000 
1.732000 
1.734000 
1.736000 
1.738000 
1.740000 
1.742000 
1.744000 
1.746000 
1.748000 
1.750000 
1.752000 
1.754000 
1.756000 
1.758000 
1.760000 
1.762000 
1.764000 
1.766000 
1.768000 
1.770000 
1.772000 
1.774000 
1.776000 
1.778000 
1.780000 
1.782000 
1.784000 
1.786000 
1.788000 
1.790000 
1.792000 
1.794000 
1.796000 
1.798000 
1.800000 
1.802000 
1.804000 
1.806000 
1.808000 
1.810000 
1.812000 
1.814000 
1.816000 
1.818000 
1.820000 
1.822000 
1.824000 
1.826000 
1.828000 
1.830000 
1.832000 
1.834000 
1.836000 
1.838000 
1.840000 
1.842000 
1.844000 
1.846000 
1.848000 
1.850000 
1.852000 
1.854000 
1.856000 
1.858000 
1.860000 
1.862000 
1.864000 
1.866000 
1.868000 
1.870000 
1.872000 
1.874000 
1.876000 
1.878000 
1.880000 
1.882000 
1.884000 
1.886000 
1.888000 
1.890000 
1.892000 
1.894000 
1.896000 
1.898000 
1.900000 
1.902000 
1.904000 
1.906000 
1.908000 
1.910000 
1.912000 
1.914000 
1.916000 
1.918000 
1.920000 
1.922000 
1.924000 
1.926000 
1.928000 
1.930000 
1.932000 
1.934000 
1.936000 
1.938000 
1.940000 
1.942000 
1.944000 
1.946000 
1.948000 
1.950000 
1.952000 
1.954000 
1.956000 
1.958000 
1.960000 
1.962000 
1.964000 
1.966000 
1.968000 
1.970000 
1.972000 
1.974000 
1.976000 
1.978000 
1.980000 
1.982000 
1.984000 
1.986000 
1.988000 
1.990000 
1.992000 
1.994000 
1.996000 
1.998000 
2.000000 
2.002000 
2.004000 
2.006000 
2.008000 
2.010000 
2.012000 
2.014000 
2.016000 
2.018000 
2.020000 
2.022000 
2.024000 
2.026000 
2.028000 
2.030000 
2.032000 
2.034000 
2.036000 
2.038000 
2.040000 
2.042000 
2.044000 
2.046000 
2.048000 
2.050000 
2.052000 
2.054000 
2.056000 
2.058000 
2.060000 
2.062000 
2.064000 
2.066000 
2.068000 
2.070000 
2.072000 
2.074000 
2.076000 
2.078000 
2.080000 
2.082000 
2.084000 
2.086000 
2.088000 
2.090000 
2.092000 
2.094000 
2.096000 
2.098000 
2.100000 
2.102000 
2.104000 
2.106000 
2.108000 
2.110000 
2.112000 
2.114000 
2.116000 
2.118000 
2.120000 
2.122000 
2.124000 
2.126000 
2.128000 
2.130000 
2.132000 
2.134000 
2.136000 
2.138000 
2.140000 
2.142000 
2.144000 
2.146000 
2.148000 
2.150000 
2.152000 
2.154000 
2.156000 
2.158000 
2.160000 
2.162000 
2.164000 
2.166000 
2.168000 
2.170000 
2.172000 
2.174000 
2.176000 
2.178000 
2.180000 
2.182000 
2.184000 
2.186000 
2.188000 
2.190000 
2.192000 
2.194000 
2.196000 
2.198000 
2.200000 
2.202000 
2.204000 
2.206000 
2.208000 
2.210000 
2.212000 
2.214000 
2.216000 
2.218000 
2.220000 
2.222000 
2.224000 
2.226000 
2.228000 
2.230000 
2.232000 
2.234000 
2.236000 
2.238000 
2.240000 
2.242000 
2.244000 
2.246000 
2.248000 
2.250000 
2.252000 
2.254000 
2.256000 
2.258000 
2.260000 
2.262000 
2.264000 
2.266000 
2.268000 
2.270000 
2.272000 
2.274000 
2.276000 
2.278000 
2.280000 
2.282000 
2.284000 
2.286000 
2.288000 
2.290000 
2.292000 
2.294000 
2.296000 
2.298000 
2.300000 
2.302000 
2.304000 
2.306000 
2.308000 
2.310000 
2.312000 
2.314000 
2.316000 
2.318000 
2.320000 
2.322000 
2.324000 
2.326000 
2.328000 
2.330000 
2.332000 
2.334000 
2.336000 
2.338000 
2.340000 
2.342000 
2.344000 
2.346000 
2.348000 
2.350000 
2.352000 
2.354000 
2.356000 
2.358000 
2.360000 
2.362000 
2.364000 
2.366000 
2.368000 
2.370000 
2.372000 
2.374000 
2.376000 
2.378000 
2.380000 
2.382000 
2.384000 
2.386000 
2.388000 
2.390000 
2.392000 
2.394000 
2.396000 
2.398000 
2.400000 
2.402000 
2.404000 
2.406000 
2.408000 
2.410000 
2.412000 
2.414000 
2.416000 
2.418000 
2.420000 
2.422000 
2.424000 
2.426000 
2.428000 
2.430000 
2.432000 
2.434000 
2.436000 
2.438000 
2.440000 
2.442000 
2.444000 
2.446000 
2.448000 
2.450000 
2.452000 
2.454000 
2.456000 
2.458000 
2.460000 
2.462000 
2.464000 
2.466000 
2.468000 
2.470000 
2.472000 
2.474000 
2.476000 
2.478000 
2.480000 
2.482000 
2.484000 
2.486000 
2.488000 
2.490000 
2.492000 
2.494000 
2.496000 
2.498000 
2.500000 
2.502000 
2.504000 
2.506000 
2.508000 
2.510000 
2.512000 
2.514000 
2.516000 
2.518000 
2.520000 
2.522000 
2.524000 
2.526000 
2.528000 
2.530000 
2.532000 
2.534000 
2.536000 
2.538000 
2.540000 
2.542000 
2.544000 
2.546000 
2.548000 
2.550000 
2.552000 
2.554000 
2.556000 
2.558000 
2.560000 
2.562000 
2.564000 
2.566000 
2.568000 
2.570000 
2.572000 
2.574000 
2.576000 
2.578000 
2.580000 
2.582000 
2.584000 
2.586000 
2.588000 
2.590000 
2.592000 
2.594000 
2.596000 
2.598000 
2.600000 
2.602000 
2.604000 
2.606000 
2.608000 
2.610000 
2.612000 
2.614000 
2.616000 
2.618000 
2.620000 
2.622000 
2.624000 
2.626000 
2.628000 
2.630000 
2.632000 
2.634000 
2.636000 
2.638000 
2.640000 
2.642000 
2.644000 
2.646000 
2.648000 
2.650000 
2.652000 
2.654000 
2.656000 
2.658000 
2.660000 
2.662000 
2.664000 
2.666000 
2.668000 
2.670000 
2.672000 
2.674000 
2.676000 
2.678000 
2.680000 
2.682000 
2.684000 
2.686000 
2.688000 
2.690000 
2.692000 
2.694000 
2.696000 
2.698000 
2.700000 
2.702000 
2.704000 
2.706000 
2.708000 
2.710000 
2.712000 
2.714000 
2.716000 
2.718000 
2.720000 
2.722000 
2.724000 
2.726000 
2.728000 
2.730000 
2.732000 
2.734000 
2.736000 
2.738000 
2.740000 
2.742000 
2.744000 
2.746000 
2.748000 
2.750000 
2.752000 
2.754000 
2.756000 
2.758000 
2.760000 
2.762000 
2.764000 
2.766000 
2.768000 
2.770000 
2.772000 
2.774000 
2.776000 
2.778000 
2.780000 
2.782000 
2.784000 
2.786000 
2.788000 
2.790000 
2.792000 
2.794000 
2.796000 
2.798000 
2.800000 
2.802000 
2.804000 
2.806000 
2.808000 
2.810000 
2.812000 
2.814000 
2.816000 
2.818000 
2.820000 
2.822000 
2.824000 
2.826000 
2.828000 
2.830000 
2.832000 
2.834000 
2.836000 
2.838000 
2.840000 
2.842000 
2.844000 
2.846000 
2.848000 
2.850000 
2.852000 
2.854000 
2.856000 
2.858000 
2.860000 
2.862000 
2.864000 
2.866000 
2.868000 
2.870000 
2.872000 
2.874000 
2.876000 
2.878000 
2.880000 
2.882000 
2.884000 
2.886000 
2.888000 
2.890000 
2.892000 
2.894000 
2.896000 
2.898000 
2.900000 
2.902000 
2.904000 
2.906000 
2.908000 
2.910000 
2.912000 
2.914000 
2.916000 
2.918000 
2.920000 
2.922000 
2.924000 
2.926000 
2.928000 
2.930000 
2.932000 
2.934000 
2.936000 
2.938000 
2.940000 
2.942000 
2.944000 
2.946000 
2.948000 
2.950000 
2.952000 
2.954000 
2.956000 
2.958000 
2.960000 
2.962000 
2.964000 
2.966000 
2.968000 
2.970000 
2.972000 
2.974000 
2.976000 
2.978000 
2.980000 
2.982000 
2.984000 
2.986000 
2.988000 
2.990000 
2.992000 
2.994000 
2.996000 
2.998000 
3.000000 
3.002000 
3.004000 
3.006000 
3.008000 
3.010000 
3.012000 
3.014000 
3.016000 
3.018000 
3.020000 
3.022000 
3.024000 
3.026000 
3.028000 
3.030000 
3.032000 
3.034000 
3.036000 
3.038000 
3.040000 
3.042000 
3.044000 
3.046000 
3.048000 
3.050000 
3.052000 
3.054000 
3.056000 
3.058000 
3.060000 
3.062000 
3.064000 
3.066000 
3.068000 
3.070000 
3.072000 
3.074000 
3.076000 
3.078000 
3.080000 
3.082000 
3.084000 
3.086000 
3.088000 
3.090000 
3.092000 
3.094000 
3.096000 
3.098000 
3.100000 
3.102000 
3.104000 
3.106000 
3.108000 
3.110000 
3.112000 
3.114000 
3.116000 
3.118000 
3.120000 
3.122000 
3.124000 
3.126000 
3.128000 
3.130000 
3.132000 
3.134000 
3.136000 
3.138000 
3.140000 
3.142000 
3.144000 
3.146000 
3.148000 
3.150000 
3.152000 
3.154000 
3.156000 
3.158000 
3.160000 
3.162000 
3.164000 
3.166000 
3.168000 
3.170000 
3.172000 
3.174000 
3.176000 
3.178000 
3.180000 
3.182000 
3.184000 
3.186000 
3.188000 
3.190000 
3.192000 
3.194000 
3.196000 
3.198000 
3.200000 
3.202000 
3.204000 
3.206000 
3.208000 
3.210000 
3.212000 
3.214000 
3.216000 
3.218000 
3.220000 
3.222000 
3.224000 
3.226000 
3.228000 
3.230000 
3.232000 
3.234000 
3.236000 
3.238000 
3.240000 
3.242000 
3.244000 
3.246000 
3.248000 
3.250000 
3.252000 
3.254000 
3.256000 
3.258000 
3.260000 
3.262000 
3.264000 
3.266000 
3.268000 
3.270000 
3.272000 
3.274000 
3.276000 
3.278000 
3.280000 
3.282000 
3.284000 
3.286000 
3.288000 
3.290000 
3.292000 
3.294000 
3.296000 
3.298000 
3.300000 
3.302000 
3.304000 
3.306000 
3.308000 
3.310000 
3.312000 
3.314000 
3.316000 
3.318000 
3.320000 
3.322000 
3.324000 
3.326000 
3.328000 
3.330000 
3.332000 
3.334000 
3.336000 
3.338000 
3.340000 
3.342000 
3.344000 
3.346000 
3.348000 
3.350000 
3.352000 
3.354000 
3.356000 
3.358000 
3.360000 
3.362000 
3.364000 
3.366000 
3.368000 
3.370000 
3.372000 
3.374000 
3.376000 
3.378000 
3.380000 
3.382000 
3.384000 
3.386000 
3.388000 
3.390000 
3.392000 
3.394000 
3.396000 
3.398000 
3.400000 
3.402000 
3.404000 
3.406000 
3.408000 
3.410000 
3.412000 
3.414000 
3.416000 
3.418000 
3.420000 
3.422000 
3.424000 
3.426000 
3.428000 
3.430000 
3.432000 
3.434000 
3.436000 
3.438000 
3.440000 
3.442000 
3.444000 
3.446000 
3.448000 
3.450000 
3.452000 
3.454000 
3.456000 
3.458000 
3.460000 
3.462000 
3.464000 
3.466000 
3.468000 
3.470000 
3.472000 
3.474000 
3.476000 
3.478000 
3.480000 
3.482000 
3.484000 
3.486000 
3.488000 
3.490000 
3.492000 
3.494000 
3.496000 
3.498000 
3.500000 
3.502000 
3.504000 
3.506000 
3.508000 
3.510000 
3.512000 
3.514000 
3.516000 
3.518000 
3.520000 
3.522000 
3.524000 
3.526000 
3.528000 
3.530000 
3.532000 
3.534000 
3.536000 
3.538000 
3.540000 
3.542000 
3.544000 
3.546000 
3.548000 
3.550000 
3.552000 
3.554000 
3.556000 
3.558000 
3.560000 
3.562000 
3.564000 
3.566000 
3.568000 
3.570000 
3.572000 
3.574000 
3.576000 
3.578000 
3.580000 
3.582000 
3.584000 
3.586000 
3.588000 
3.590000 
3.592000 
3.594000 
3.596000 
3.598000 
3.600000 
3.602000 
3.604000 
3.606000 
3.608000 
3.610000 
3.612000 
3.614000 
3.616000 
3.618000 
3.620000 
3.622000 
3.624000 
3.626000 
3.628000 
3.630000 
3.632000 
3.634000 
3.636000 
3.638000 
3.640000 
3.642000 
3.644000 
3.646000 
3.648000 
3.650000 
3.652000 
3.654000 
3.656000 
3.658000 
3.660000 
3.662000 
3.664000 
3.666000 
3.668000 
3.670000 
3.672000 
3.674000 
3.676000 
3.678000 
3.680000 
3.682000 
3.684000 
3.686000 
3.688000 
3.690000 
3.692000 
3.694000 
3.696000 
3.698000 
3.700000 
3.702000 
3.704000 
3.706000 
3.708000 
3.710000 
3.712000 
3.714000 
3.716000 
3.718000 
3.720000 
3.722000 
3.724000 
3.726000 
3.728000 
3.730000 
3.732000 
3.734000 
3.736000 
3.738000 
3.740000 
3.742000 
3.744000 
3.746000 
3.748000 
3.750000 
3.752000 
3.754000 
3.756000 
3.758000 
3.760000 
3.762000 
3.764000 
3.766000 
3.768000 
3.770000 
3.772000 
3.774000 
3.776000 
3.778000 
3.780000 
3.782000 
3.784000 
3.786000 
3.788000 
3.790000 
3.792000 
3.794000 
3.796000 
3.798000 
3.800000 
3.802000 
3.804000 
3.806000 
3.808000 
3.810000 
3.812000 
3.814000 
3.816000 
3.818000 
3.820000 
3.822000 
3.824000 
3.826000 
3.828000 
3.830000 
3.832000 
3.834000 
3.836000 
3.838000 
3.840000 
3.842000 
3.844000 
3.846000 
3.848000 
3.850000 
3.852000 
3.854000 
3.856000 
3.858000 
3.860000 
3.862000 
3.864000 
3.866000 
3.868000 
3.870000 
3.872000 
3.874000 
3.876000 
3.878000 
3.880000 
3.882000 
3.884000 
3.886000 
3.888000 
3.890000 
3.892000 
3.894000 
3.896000 
3.898000 
3.900000 
3.902000 
3.904000 
3.906000 
3.908000 
3.910000 
3.912000 
3.914000 
3.916000 
3.918000 
3.920000 
3.922000 
3.924000 
3.926000 
3.928000 
3.930000 
3.932000 
3.934000 
3.936000 
3.938000 
3.940000 
3.942000 
3.944000 
3.946000 
3.948000 
3.950000 
3.952000 
3.954000 
3.956000 
3.958000 
3.960000 
3.962000 
3.964000 
3.966000 
3.968000 
3.970000 
3.972000 
3.974000 
3.976000 
3.978000 
3.980000 
3.982000 
3.984000 
3.986000 
3.988000 
3.990000 
3.992000 
3.994000 
3.996000 
3.998000 
4.000000 
4.002000 
4.004000 
4.006000 
4.008000 
4.010000 
4.012000 
4.014000 
4.016000 
4.018000 
4.020000 
4.022000 
4.024000 
4.026000 
4.028000 
4.030000 
4.032000 
4.034000 
4.036000 
4.038000 
4.040000 
4.042000 
4.044000 
4.046000 
4.048000 
4.050000 
4.052000 
4.054000 
4.056000 
4.058000 
4.060000 
4.062000 
4.064000 
4.066000 
4.068000 
4.070000 
4.072000 
4.074000 
4.076000 
4.078000 
4.080000 
4.082000 
4.084000 
4.086000 
4.088000 
4.090000 
4.092000 
4.094000 
4.096000 
4.098000 
4.100000 
4.102000 
4.104000 
4.106000 
4.108000 
4.110000 
4.112000 
4.114000 
4.116000 
4.118000 
4.120000 
4.122000 
4.124000 
4.126000 
4.128000 
4.130000 
4.132000 
4.134000 
4.136000 
4.138000 
4.140000 
4.142000 
4.144000 
4.146000 
4.148000 
4.150000 
4.152000 
4.154000 
4.156000 
4.158000 
4.160000 
4.162000 
4.164000 
4.166000 
4.168000 
4.170000 
4.172000 
4.174000 
4.176000 
4.178000 
4.180000 
4.182000 
4.184000 
4.186000 
4.188000 
4.190000 
4.192000 
4.194000 
4.196000 
4.198000 
4.200000 
4.202000 
4.204000 
4.206000 
4.208000 
4.210000 
4.212000 
4.214000 
4.216000 
4.218000 
4.220000 
4.222000 
4.224000 
4.226000 
4.228000 
4.230000 
4.232000 
4.234000 
4.236000 
4.238000 
4.240000 
4.242000 
4.244000 
4.246000 
4.248000 
4.250000 
4.252000 
4.254000 
4.256000 
4.258000 
4.260000 
4.262000 
4.264000 
4.266000 
4.268000 
4.270000 
4.272000 
4.274000 
4.276000 
4.278000 
4.280000 
4.282000 
4.284000 
4.286000 
4.288000 
4.290000 
4.292000 
4.294000 
4.296000 
4.298000 
4.300000 
4.302000 
4.304000 
4.306000 
4.308000 
4.310000 
4.312000 
4.314000 
4.316000 
4.318000 
4.320000 
4.322000 
4.324000 
4.326000 
4.328000 
4.330000 
4.332000 
4.334000 
4.336000 
4.338000 
4.340000 
4.342000 
4.344000 
4.346000 
4.348000 
4.350000 
4.352000 
4.354000 
4.356000 
4.358000 
4.360000 
4.362000 
4.364000 
4.366000 
4.368000 
4.370000 
4.372000 
4.374000 
4.376000 
4.378000 
4.380000 
4.382000 
4.384000 
4.386000 
4.388000 
4.390000 
4.392000 
4.394000 
4.396000 
4.398000 
4.400000 
4.402000 
4.404000 
4.406000 
4.408000 
4.410000 
4.412000 
4.414000 
4.416000 
4.418000 
4.420000 
4.422000 
4.424000 
4.426000 
4.428000 
4.430000 
4.432000 
4.434000 
4.436000 
4.438000 
4.440000 
4.442000 
4.444000 
4.446000 
4.448000 
4.450000 
4.452000 
4.454000 
4.456000 
4.458000 
4.460000 
4.462000 
4.464000 
4.466000 
4.468000 
4.470000 
4.472000 
4.474000 
4.476000 
4.478000 
4.480000 
4.482000 
4.484000 
4.486000 
4.488000 
4.490000 
4.492000 
4.494000 
4.496000 
4.498000 
4.500000 
4.502000 
4.504000 
4.506000 
4.508000 
4.510000 
4.512000 
4.514000 
4.516000 
4.518000 
4.520000 
4.522000 
4.524000 
4.526000 
4.528000 
4.530000 
4.532000 
4.534000 
4.536000 
4.538000 
4.540000 
4.542000 
4.544000 
4.546000 
4.548000 
4.550000 
4.552000 
4.554000 
4.556000 
4.558000 
4.560000 
4.562000 
4.564000 
4.566000 
4.568000 
4.570000 
4.572000 
4.574000 
4.576000 
4.578000 
4.580000 
4.582000 
4.584000 
4.586000 
4.588000 
4.590000 
4.592000 
4.594000 
4.596000 
4.598000 
4.600000 
4.602000 
4.604000 
4.606000 
4.608000 
4.610000 
4.612000 
4.614000 
4.616000 
4.618000 
4.620000 
4.622000 
4.624000 
4.626000 
4.628000 
4.630000 
4.632000 
4.634000 
4.636000 
4.638000 
4.640000 
4.642000 
4.644000 
4.646000 
4.648000 
4.650000 
4.652000 
4.654000 
4.656000 
4.658000 
4.660000 
4.662000 
4.664000 
4.666000 
4.668000 
4.670000 
4.672000 
4.674000 
4.676000 
4.678000 
4.680000 
4.682000 
4.684000 
4.686000 
4.688000 
4.690000 
4.692000 
4.694000 
4.696000 
4.698000 
4.700000 
4.702000 
4.704000 
4.706000 
4.708000 
4.710000 
4.712000 
4.714000 
4.716000 
4.718000 
4.720000 
4.722000 
4.724000 
4.726000 
4.728000 
4.730000 
4.732000 
4.734000 
4.736000 
4.738000 
4.740000 
4.742000 
4.744000 
4.746000 
4.748000 
4.750000 
4.752000 
4.754000 
4.756000 
4.758000 
4.760000 
4.762000 
4.764000 
4.766000 
4.768000 
4.770000 
4.772000 
4.774000 
4.776000 
4.778000 
4.780000 
4.782000 
4.784000 
4.786000 
4.788000 
4.790000 
4.792000 
4.794000 
4.796000 
4.798000 
4.800000 
4.802000 
4.804000 
4.806000 
4.808000 
4.810000 
4.812000 
4.814000 
4.816000 
4.818000 
4.820000 
4.822000 
4.824000 
4.826000 
4.828000 
4.830000 
4.832000 
4.834000 
4.836000 
4.838000 
4.840000 
4.842000 
4.844000 
4.846000 
4.848000 
4.850000 
4.852000 
4.854000 
4.856000 
4.858000 
4.860000 
4.862000 
4.864000 
4.866000 
4.868000 
4.870000 
4.872000 
4.874000 
4.876000 
4.878000 
4.880000 
4.882000 
4.884000 
4.886000 
4.888000 
4.890000 
4.892000 
4.894000 
4.896000 
4.898000 
4.900000 
4.902000 
4.904000 
4.906000 
4.908000 
4.910000 
4.912000 
4.914000 
4.916000 
4.918000 
4.920000 
4.922000 
4.924000 
4.926000 
4.928000 
4.930000 
4.932000 
4.934000 
4.936000 
4.938000 
4.940000 
4.942000 
4.944000 
4.946000 
4.948000 
4.950000 
4.952000 
4.954000 
4.956000 
4.958000 
4.960000 
4.962000 
4.964000 
4.966000 
4.968000 
4.970000 
4.972000 
4.974000 
4.976000 
4.978000 
4.980000 
4.982000 
4.984000 
4.986000 
4.988000 
4.990000 
4.992000 
4.994000 
4.996000 
4.998000 
5.000000 
5.002000 
5.004000 
5.006000 
5.008000 
5.010000 
5.012000 
5.014000 
5.016000 
5.018000 
5.020000 
5.022000 
5.024000 
5.026000 
5.028000 
5.030000 
5.032000 
5.034000 
5.036000 
5.038000 
5.040000 
5.042000 
5.044000 
5.046000 
5.048000 
5.050000 
5.052000 
5.054000 
5.056000 
5.058000 
5.060000 
5.062000 
5.064000 
5.066000 
5.068000 
5.070000 
5.072000 
5.074000 
5.076000 
5.078000 
5.080000 
5.082000 
5.084000 
5.086000 
5.088000 
5.090000 
5.092000 
5.094000 
5.096000 
5.098000 
5.100000 
5.102000 
5.104000 
5.106000 
5.108000 
5.110000 
5.112000 
5.114000 
5.116000 
5.118000 
5.120000 
5.122000 
5.124000 
5.126000 
5.128000 
5.130000 
5.132000 
5.134000 
5.136000 
5.138000 
5.140000 
5.142000 
5.144000 
5.146000 
5.148000 
5.150000 
5.152000 
5.154000 
5.156000 
5.158000 
5.160000 
5.162000 
5.164000 
5.166000 
5.168000 
5.170000 
5.172000 
5.174000 
5.176000 
5.178000 
5.180000 
5.182000 
5.184000 
5.186000 
5.188000 
5.190000 
5.192000 
5.194000 
5.196000 
5.198000 
5.200000 
5.202000 
5.204000 
5.206000 
5.208000 
5.210000 
5.212000 
5.214000 
5.216000 
5.218000 
5.220000 
5.222000 
5.224000 
5.226000 
5.228000 
5.230000 
5.232000 
5.234000 
5.236000 
5.238000 
5.240000 
5.242000 
5.244000 
5.246000 
5.248000 
5.250000 
5.252000 
5.254000 
5.256000 
5.258000 
5.260000 
5.262000 
5.264000 
5.266000 
5.268000 
5.270000 
5.272000 
5.274000 
5.276000 
5.278000 
5.280000 
5.282000 
5.284000 
5.286000 
5.288000 
5.290000 
5.292000 
5.294000 
5.296000 
5.298000 
5.300000 
5.302000 
5.304000 
5.306000 
5.308000 
5.310000 
5.312000 
5.314000 
5.316000 
5.318000 
5.320000 
5.322000 
5.324000 
5.326000 
5.328000 
5.330000 
5.332000 
5.334000 
5.336000 
5.338000 
5.340000 
5.342000 
5.344000 
5.346000 
5.348000 
5.350000 
5.352000 
5.354000 
5.356000 
5.358000 
5.360000 
5.362000 
5.364000 
5.366000 
5.368000 
5.370000 
5.372000 
5.374000 
5.376000 
5.378000 
5.380000 
5.382000 
5.384000 
5.386000 
5.388000 
5.390000 
5.392000 
5.394000 
5.396000 
5.398000 
5.400000 
5.402000 
5.404000 
5.406000 
5.408000 
5.410000 
5.412000 
5.414000 
5.416000 
5.418000 
5.420000 
5.422000 
5.424000 
5.426000 
5.428000 
5.430000 
5.432000 
5.434000 
5.436000 
5.438000 
5.440000 
5.442000 
5.444000 
5.446000 
5.448000 
5.450000 
5.452000 
5.454000 
5.456000 
5.458000 
5.460000 
5.462000 
5.464000 
5.466000 
5.468000 
5.470000 
5.472000 
5.474000 
5.476000 
5.478000 
5.480000 
5.482000 
5.484000 
5.486000 
5.488000 
5.490000 
5.492000 
5.494000 
5.496000 
5.498000 
5.500000 
5.502000 
5.504000 
5.506000 
5.508000 
5.510000 
5.512000 
5.514000 
5.516000 
5.518000 
5.520000 
5.522000 
5.524000 
5.526000 
5.528000 
5.530000 
5.532000 
5.534000 
5.536000 
5.538000 
5.540000 
5.542000 
5.544000 
5.546000 
5.548000 
5.550000 
5.552000 
5.554000 
5.556000 
5.558000 
5.560000 
5.562000 
5.564000 
5.566000 
5.568000 
5.570000 
5.572000 
5.574000 
5.576000 
5.578000 
5.580000 
5.582000 
5.584000 
5.586000 
5.588000 
5.590000 
5.592000 
5.594000 
5.596000 
5.598000 
5.600000 
5.602000 
5.604000 
5.606000 
5.608000 
5.610000 
5.612000 
5.614000 
5.616000 
5.618000 
5.620000 
5.622000 
5.624000 
5.626000 
5.628000 
5.630000 
5.632000 
5.634000 
5.636000 
5.638000 
5.640000 
5.642000 
5.644000 
5.646000 
5.648000 
5.650000 
5.652000 
5.654000 
5.656000 
5.658000 
5.660000 
5.662000 
5.664000 
5.666000 
5.668000 
5.670000 
5.672000 
5.674000 
5.676000 
5.678000 
5.680000 
5.682000 
5.684000 
5.686000 
5.688000 
5.690000 
5.692000 
5.694000 
5.696000 
5.698000 
5.700000 
5.702000 
5.704000 
5.706000 
5.708000 
5.710000 
5.712000 
5.714000 
5.716000 
5.718000 
5.720000 
5.722000 
5.724000 
5.726000 
5.728000 
5.730000 
5.732000 
5.734000 
5.736000 
5.738000 
5.740000 
5.742000 
5.744000 
5.746000 
5.748000 
5.750000 
5.752000 
5.754000 
5.756000 
5.758000 
5.760000 
5.762000 
5.764000 
5.766000 
5.768000 
5.770000 
5.772000 
5.774000 
5.776000 
5.778000 
5.780000 
5.782000 
5.784000 
5.786000 
5.788000 
5.790000 
5.792000 
5.794000 
5.796000 
5.798000 
5.800000 
5.802000 
5.804000 
5.806000 
5.808000 
5.810000 
5.812000 
5.814000 
5.816000 
5.818000 
5.820000 
5.822000 
5.824000 
5.826000 
5.828000 
5.830000 
5.832000 
5.834000 
5.836000 
5.838000 
5.840000 
5.842000 
5.844000 
5.846000 
5.848000 
5.850000 
5.852000 
5.854000 
5.856000 
5.858000 
5.860000 
5.862000 
5.864000 
5.866000 
5.868000 
5.870000 
5.872000 
5.874000 
5.876000 
5.878000 
5.880000 
5.882000 
5.884000 
5.886000 
5.888000 
5.890000 
5.892000 
5.894000 
5.896000 
5.898000 
5.900000 
5.902000 
5.904000 
5.906000 
5.908000 
5.910000 
5.912000 
5.914000 
5.916000 
5.918000 
5.920000 
5.922000 
5.924000 
5.926000 
5.928000 
5.930000 
5.932000 
5.934000 
5.936000 
5.938000 
5.940000 
5.942000 
5.944000 
5.946000 
5.948000 
5.950000 
5.952000 
5.954000 
5.956000 
5.958000 
5.960000 
5.962000 
5.964000 
5.966000 
5.968000 
5.970000 
5.972000 
5.974000 
5.976000 
5.978000 
5.980000 
5.982000 
5.984000 
5.986000 
5.988000 
5.990000 
5.992000 
5.994000 
5.996000 
5.998000 
