  1.80112    0.0018
  1.81937    0.0018
  1.83762    0.0018
  1.85585    0.0018
  1.87408    0.0018
  1.8923     0.0018
  1.9105     0.0018
  1.9287     0.0018
  1.94688    0.0018
  1.96506    0.0018
  1.98323    0.0018
  2.00138    0.0018
  2.01953    0.0018
  2.03767    0.0018
  2.05579    0.0018
  2.07391    0.0018
  2.09202    0.0018
  2.11012    0.0018
  2.1282     0.0018
  2.14628    0.0018
  2.16435    0.0018
  2.18241    0.0018
  2.20046    0.0018
  2.21849    0.0018
  2.23652    0.0018
  2.25454    0.0018
  2.27255    0.0018
  2.29055    0.0018
  2.30854    0.0018
  2.32652    0.0018
  2.34449    0.0018
  2.36245    0.0018
  2.3804     0.0018
  2.39834    0.0018
  2.41627    0.0018
  2.43419    0.0018
  2.4521     0.0018
  2.4700     0.0018
  2.48789    0.0018
  2.50577    0.0018
  2.52364    0.0018
  2.5415     0.0018
  2.55936    0.0018
  2.5772     0.0018
  2.59503    0.0018
  2.61285    0.0018
  2.63066    0.0018
  2.64847    0.0018
  2.66626    0.0018
  2.68404    0.0018
  2.70181    0.0018
  2.71958    0.0018
  2.73733    0.0018
  2.75507    0.0018
  2.77281    0.0018
  2.79053    0.0018
  2.80824    0.0018
  2.82595    0.0018
  2.84364    0.0018
  2.86133    0.0018
  2.879      0.0018
  2.89666    0.0018
  2.91432    0.0018
  2.93196    0.0018
  2.9496     0.0018
  2.96722    0.0018
  2.98484    0.0018
  3.00244    0.0018
  3.02004    0.0018
  3.03763    0.0018
  3.0552     0.0018
  3.07277    0.0018
  3.09032    0.0018
  3.10787    0.0018
  3.12541    0.0018
  3.14293    0.0018
