0.365914
0.375578
0.385247
0.39492
0.404597
0.414279
0.423965
0.433655
0.44335
0.45305
0.462753
0.472461
0.482174
0.491891
0.501612
0.511338
0.521068
0.530802
0.540541
0.550284
0.560032
0.569784
0.57954
0.589301
0.599066
0.608836
0.618609
0.628388
0.63817
0.647958
0.657749
0.667545
0.655476
0.665283
0.675085
0.684882
0.694673
0.70446
0.714241
0.724017
0.733787
0.743553
0.753313
0.763068
0.772817
0.782562
0.792301
0.802036
0.811765
0.821488
0.831207
0.84092
0.850628
0.860331
0.870029
0.879721
0.889408
0.899091
0.908767
0.918439
0.928105
0.937767
0.947423
0.957073
0.966719
0.976359
0.985995
0.995625
1.00525
1.01486
1.02448
1.03409
1.04369
1.05329
1.06288
1.07247
1.08206
1.09163
1.10121
1.11077
1.12034
1.12989
1.13944
1.14899
1.15853
1.16807
1.1776
1.18713
1.19665
1.20616
1.21567
1.22518
1.23468
1.24417
1.25366
1.26314
1.25335
1.26333
1.2733
1.28327
1.29324
1.30321
1.31319
1.32316
1.33313
1.3431
1.35307
1.36304
1.37301
1.38298
1.39295
1.40292
1.41289
1.42286
1.43283
1.44279
1.45276
1.46273
1.4727
1.48266
1.49263
1.5026
1.51257
1.52253
1.5325
1.54246
1.55243
1.5624
1.57236
1.58233
1.59229
1.60226
1.61222
1.62218
1.63215
1.64211
1.65207
1.66204
1.672
1.68196
1.69193
1.70189
1.71185
1.72181
1.73177
1.74173
1.75169
1.76166
1.77162
1.78158
1.79154
1.8015
1.81145
1.82141
1.83137
1.84133
1.85129
1.86125
1.87121
1.87236
1.86684
1.87691
1.88696
1.89702
1.90708
1.91713
1.92718
1.93723
1.94727
1.95731
1.96736
1.97739
1.98743
1.99746
2.0075
2.01752
2.02755
2.03758
2.0476
2.05762
2.06764
2.07765
2.08766
2.09768
2.10768
2.11769
2.12769
2.1377
2.14769
2.15769
2.16769
2.17768
2.18767
2.19766
2.20764
2.21763
2.22761
2.23758
2.24756
2.25753
2.26751
2.27748
2.28744
2.29741
2.30737
2.31733
2.32729
2.33724
2.3472
2.35715
2.36709
2.37704
2.38699
2.39693
2.40687
2.4168
2.42674
2.43667
2.4466
2.45653
2.46645
2.47638
2.4863
2.49622
