0.36593
0.375594
0.385263
0.394935
0.404613
0.414295
0.423981
0.433671
0.443366
0.453066
0.462769
0.472477
0.48219
0.491907
0.501628
0.511354
0.521084
0.530818
0.540557
0.5503
0.560048
0.5698
0.579556
0.589317
0.599082
0.608851
0.618625
0.628404
0.638186
0.647974
0.657765
0.667561
0.654792
0.664599
0.674401
0.684198
0.693989
0.703776
0.713557
0.723332
0.733103
0.742869
0.752629
0.762384
0.772134
0.781878
0.791617
0.801352
0.81108
0.820804
0.830523
0.840236
0.849944
0.859647
0.869345
0.879037
0.888725
0.898407
0.908083
0.917755
0.927421
0.937083
0.946739
0.95639
0.966035
0.975676
0.985311
0.994941
1.00457
1.01418
1.0238
1.03341
1.04301
1.05261
1.0622
1.07179
1.08138
1.09095
1.10053
1.11009
1.11966
1.12921
1.13877
1.14831
1.15785
1.16739
1.17692
1.18645
1.19597
1.20548
1.21499
1.2245
1.234
1.24349
1.25298
1.26246
1.25277
1.26275
1.27272
1.28269
1.29266
1.30263
1.31261
1.32258
1.33255
1.34252
1.35249
1.36246
1.37243
1.3824
1.39237
1.40234
1.41231
1.42228
1.43224
1.44221
1.45218
1.46215
1.47212
1.48209
1.49205
1.50202
1.51199
1.52195
1.53192
1.54188
1.55185
1.56182
1.57178
1.58175
1.59171
1.60167
1.61164
1.6216
1.63157
1.64153
1.65149
1.66146
1.67142
1.68138
1.69135
1.70131
1.71127
1.72123
1.73119
1.74115
1.75111
1.76107
1.77104
1.781
1.79096
1.80092
1.81088
1.82083
1.83079
1.84075
1.85071
1.86067
1.87063
1.87178
1.86596
1.87603
1.88609
1.89614
1.9062
1.91625
1.9263
1.93635
1.94639
1.95643
1.96647
1.97651
1.98655
1.99658
2.00662
2.01665
2.02667
2.0367
2.04672
2.05674
2.06676
2.07677
2.08678
2.0968
2.1068
2.11681
2.12681
2.13682
2.14682
2.15681
2.16681
2.1768
2.18679
2.19678
2.20676
2.21674
2.22673
2.2367
2.24668
2.25666
2.26663
2.27659
2.28656
2.29653
2.30649
2.31645
2.32641
2.33636
2.34632
2.35627
2.36621
2.37616
2.38611
2.39605
2.40599
2.41592
2.42586
2.43579
2.44572
2.45565
2.46557
2.4755
2.48542
2.49534
