0.36593
0.375594
0.385263
0.394935
0.404613
0.414295
0.423981
0.433671
0.443366
0.453065
0.462769
0.472477
0.48219
0.491907
0.501628
0.511353
0.521084
0.530818
0.540557
0.5503
0.560048
0.5698
0.579556
0.589317
0.599082
0.608852
0.618625
0.628404
0.638187
0.647974
0.657765
0.667561
0.655792
0.665599
0.675401
0.685198
0.694989
0.704776
0.714557
0.724333
0.734103
0.743869
0.753629
0.763384
0.773133
0.782878
0.792617
0.802352
0.812081
0.821804
0.831523
0.841236
0.850944
0.860647
0.870345
0.880037
0.889724
0.899407
0.909083
0.918755
0.928421
0.938083
0.947739
0.95739
0.967035
0.976675
0.986311
0.995941
1.00557
1.01518
1.0248
1.03441
1.04401
1.05361
1.0632
1.07279
1.08238
1.09195
1.10153
1.11109
1.12066
1.13021
1.13977
1.14931
1.15885
1.16839
1.17792
1.18745
1.19697
1.20648
1.21599
1.2255
1.235
1.24449
1.25398
1.26346
1.25337
1.26335
1.27332
1.28329
1.29326
1.30323
1.31321
1.32318
1.33315
1.34312
1.35309
1.36306
1.37303
1.383
1.39297
1.40294
1.41291
1.42288
1.43284
1.44281
1.45278
1.46275
1.47272
1.48269
1.49265
1.50262
1.51259
1.52255
1.53252
1.54248
1.55245
1.56242
1.57238
1.58235
1.59231
1.60228
1.61224
1.6222
1.63217
1.64213
1.65209
1.66206
1.67202
1.68198
1.69194
1.70191
1.71187
1.72183
1.73179
1.74175
1.75171
1.76168
1.77164
1.7816
1.79156
1.80152
1.81147
1.82143
1.83139
1.84135
1.85131
1.86127
1.87123
1.87238
1.86686
1.87693
1.88698
1.89704
1.9071
1.91715
1.9272
1.93725
1.94729
1.95733
1.96738
1.97741
1.98745
1.99748
2.00752
2.01755
2.02757
2.0376
2.04762
2.05764
2.06766
2.07767
2.08769
2.0977
2.1077
2.11771
2.12771
2.13772
2.14772
2.15771
2.16771
2.1777
2.18769
2.19768
2.20766
2.21765
2.22763
2.2376
2.24758
2.25755
2.26753
2.2775
2.28746
2.29743
2.30739
2.31735
2.32731
2.33726
2.34722
2.35717
2.36711
2.37706
2.387
2.39695
2.40689
2.41682
2.42676
2.43669
2.44662
2.45655
2.46647
2.4764
2.48632
2.49624
