0.3810055
0.3884092
0.3958158
0.4032254
0.4106379
0.4180535
0.4254721
0.4328927
0.4403172
0.4477428
0.4551703
0.4625988
0.4700304
0.4774629
0.4848974
0.4923329
0.4997714
0.5072099
0.5146503
0.5220908
0.5295333
0.5369768
0.5444212
0.5518667
0.5593141
0.5667616
0.5742090
0.5816585
0.5891079
0.5965583
0.6040097
0.6114622
0.6189146
0.6263680
0.6338214
0.6412758
0.6487302
0.6561857
0.6636411
0.6710975
0.6785539
0.6860103
0.6934677
0.7009251
0.7083835
0.7158409
0.7232993
0.7307587
0.7382171
0.7456765
0.7531359
0.7605963
0.7680557
0.7755161
0.7829775
0.7904379
0.7978993
0.8053617
0.8128231
0.8202845
0.8277460
0.8352074
0.8426698
0.8501312
0.8575937
0.8650551
0.8725175
0.8799800
0.8874414
0.8949039
0.9023663
0.9098288
0.9172913
0.9247537
0.9322162
0.9396787
0.9471402
0.9546027
0.9620642
0.9695267
0.9769882
0.9844498
0.9919113
0.9993728
1.0068344
1.0142949
1.0217565
1.0292171
1.0366777
1.0441383
1.0515989
1.0590595
1.0665201
1.0739797
1.0814404
1.0889000
1.0963597
1.1038183
1.1112780
1.1187367
1.1261964
1.1336551
1.1411129
1.1485716
1.1560304
1.1634881
1.1709459
1.1784037
1.1858615
1.1933183
1.2007761
1.2082330
1.2156898
1.2231467
1.2306036
1.2380595
1.2455154
1.2529723
1.2604283
1.2678832
1.2753392
1.2827942
1.2902502
1.2977052
1.3051602
1.3126143
1.3200684
1.3275225
1.3349756
1.3424287
1.3498818
1.3573350
1.3647872
1.3722384
1.3796906
1.3871418
1.3945931
1.4020433
1.4094936
1.4169439
1.4243932
1.4318426
1.4392920
1.4467403
1.4541888
1.4616372
1.4690846
1.4765321
1.4839796
1.4914261
1.4988727
1.5063192
1.5137648
1.5212104
1.5286550
1.5361007
1.5435453
1.5509890
1.5584328
1.5658765
1.5733193
1.5807621
1.5882049
1.5956467
1.6030886
1.6105295
1.6179704
1.6254103
1.6328513
1.6402903
1.6477303
1.6551693
1.6626074
1.6700455
1.6774836
1.6849208
1.6923580
1.6997952
1.7072314
1.7146667
1.7221030
1.7295383
1.7369726
1.7444070
1.7518414
1.7592748
1.7667083
1.7741418
1.7815743
1.7890069
1.7964385
1.8038701
1.8113007
1.8187314
1.8261611
1.8335908
1.8410206
1.8484494
1.8558772
1.8633051
1.8707330
1.8781599
1.8855869
1.8930129
1.9004389
1.9078640
1.9152891
1.9227132
1.9301374
1.9375606
1.9449838
1.9524071
1.9598294
1.9672517
1.9746731
1.9820945
1.9895150
1.9969354
2.0043550
2.0117745
2.0191931
2.0266117
2.0340304
2.0414471
2.0488648
2.0562806
2.0636964
2.0711123
2.0785272
2.0859421
2.0933561
2.1007691
2.1081821
2.1155942
2.1230063
2.1304175
2.1378287
2.1452390
2.1526483
2.1600576
2.1674669
2.1748754
2.1822828
2.1896903
2.1970968
2.2045034
2.2119090
2.2193147
2.2267194
2.2341231
2.2415269
2.2489298
2.2563326
2.2637346
2.2711365
2.2785375
2.2859386
2.2933387
2.3007378
2.3081360
2.3155342
2.3229325
2.3303298
2.3377262
2.3451216
2.3525171
2.3599126
2.3673071
2.3747007
2.3820934
2.3894861
2.3968778
2.4042696
2.4116604
2.4190513
2.4264402
2.4338302
2.4412182
2.4486063
2.4559944
2.4633816
2.4707679
2.4781531
2.4855385
2.4929238
