365.9298
375.5940
385.2625
394.9355
404.6129
414.2946
423.9808
433.6713
443.3662
453.0655
462.7692
472.4773
482.1898
491.9066
501.6279
511.3535
521.0836
530.8180
540.5568
550.3000
560.0477
569.7996
579.5560
589.3168
599.0819
608.8515
618.6254
628.4037
638.1865
647.9736
657.7651
667.5610
654.7923
664.5994
674.4012
684.1979
693.9894
703.7756
713.5566
723.3325
733.1031
742.8685
752.6287
762.3837
772.1335
781.8781
791.6174
801.3516
811.0805
820.8043
830.5228
840.2361
849.9442
859.6471
869.3448
879.0372
888.7245
898.4066
908.0834
917.7551
927.4214
937.0827
946.7387
956.3895
966.0351
975.6755
985.3106
994.9406
1004.565
1014.185
1023.799
1033.408
1043.012
1052.611
1062.204
1071.793
1081.376
1090.954
1100.526
1110.094
1119.656
1129.213
1138.765
1148.311
1157.853
1167.389
1176.920
1186.446
1195.966
1205.482
1214.992
1224.497
1233.996
1243.491
1252.980
1262.464
1252.773
1262.746
1272.718
1282.691
1292.662
1302.634
1312.606
1322.577
1332.548
1342.519
1352.490
1362.460
1372.430
1382.400
1392.369
1402.339
1412.308
1422.277
1432.245
1442.214
1452.182
1462.150
1472.118
1482.085
1492.052
1502.019
1511.986
1521.952
1531.918
1541.885
1551.850
1561.816
1571.781
1581.746
1591.711
1601.675
1611.640
1621.604
1631.568
1641.531
1651.494
1661.458
1671.420
1681.383
1691.345
1701.307
1711.269
1721.231
1731.192
1741.153
1751.114
1761.075
1771.036
1780.996
1790.956
1800.915
1810.875
1820.834
1830.793
1840.752
1850.710
1860.669
1870.627
1871.784
1865.964
1876.025
1886.085
1896.141
1906.196
1916.248
1926.298
1936.346
1946.391
1956.435
1966.475
1976.514
1986.550
1996.584
2006.615
2016.645
2026.672
2036.696
2046.719
2056.739
2066.756
2076.772
2086.785
2096.796
2106.804
2116.810
2126.814
2136.816
2146.815
2156.812
2166.807
2176.799
2186.789
2196.777
2206.762
2216.745
2226.726
2236.705
2246.681
2256.655
2266.626
2276.595
2286.562
2296.527
2306.490
2316.449
2326.407
2336.363
2346.316
2356.267
2366.215
2376.161
2386.105
2396.047
2405.986
2415.923
2425.858
2435.790
2445.720
2455.648
2465.573
2475.496
2485.417
2495.336
