0.365913666
0.375577667
0.385246674
0.394919647
0.404596649
0.414278656
0.423964661
0.433654663
0.443349670
0.453049652
0.462752655
0.472460663
0.482173645
0.491890656
0.501611664
0.511337646
0.521067688
0.530801636
0.540540649
0.550283630
0.560031677
0.569783630
0.579539673
0.589300659
0.599065674
0.608835632
0.618608643
0.628387634
0.638169678
0.647957642
0.657748657
0.667544678
0.655475647
0.665282654
0.675084656
0.684881653
0.694672668
0.704459656
0.714240662
0.724016663
0.733786682
0.743552673
0.753312683
0.763067688
0.772816650
0.782561646
0.792300659
0.802035645
0.811764648
0.821487671
0.831206665
0.840919678
0.850627686
0.860330688
0.870028687
0.879720642
0.889407654
0.899090637
0.908766663
0.918438660
0.928104675
0.937766663
0.947422668
0.957072632
0.966718689
0.976358643
0.985994629
0.995624634
1.005253662
1.014863647
1.024483643
1.034093628
1.043693604
1.053293701
1.062883667
1.072473633
1.082063599
1.091633667
1.101213623
1.110773682
1.120343628
1.129893677
1.139443604
1.148993652
1.158533691
1.168073608
1.177603638
1.187133667
1.196653687
1.206163696
1.215673706
1.225183716
1.234683716
1.244173706
1.253663696
1.263143677
1.253353638
1.263333618
1.273303711
1.283273682
1.293243652
1.303213623
1.313193604
1.323163696
1.333133667
1.343103638
1.353073608
1.363043701
1.373013672
1.382983643
1.392953613
1.402923706
1.412893677
1.422863647
1.432833618
1.442793701
1.452763672
1.462733643
1.472703613
1.482663696
1.492633667
1.502603638
1.512573608
1.522533691
1.532503662
1.542463623
1.552433716
1.562403687
1.572363647
1.582333618
1.592293701
1.602263672
1.612223633
1.622183716
1.632153687
1.642113647
1.652073608
1.662043701
1.672003662
1.681963623
1.691933716
1.701893677
1.711853638
1.721813599
1.731773682
1.741733643
1.751693604
1.761663696
1.771623657
1.781583618
1.791543701
1.801503662
1.811453613
1.821413696
1.831373657
1.841333618
1.851293701
1.861253662
1.871213623
1.872363647
1.866843628
1.876913696
1.886963623
1.897023682
1.907083618
1.917133667
1.927183716
1.937233643
1.947273682
1.957313599
1.967363647
1.977393677
1.987433716
1.997463623
2.007503662
2.017523682
2.027553711
2.037583618
2.047603638
2.057623779
2.067643555
2.077653564
2.087663574
2.097683594
2.107683594
2.117693604
2.127693604
2.137703613
2.147693604
2.157693604
2.167693604
2.177683594
2.187673584
2.197663574
2.207643555
2.217633545
2.227613770
2.237583740
2.247563721
2.257533691
2.267513672
2.277483643
2.287443604
2.297413574
2.307373779
2.317333740
2.327293701
2.337243652
2.347203613
2.357153564
2.367093750
2.377043701
2.386993652
2.396933594
2.406873779
2.416803711
2.426743652
2.436673584
2.446603760
2.456533691
2.466453613
2.476383545
2.486303711
2.496223633
