0.36593         0.00985211
0.375594        0.00979698
0.385263        0.0097441
0.394935        0.00969349
0.404613        0.00964514
0.414295        0.00959905
0.423981        0.00955522
0.433671        0.00951364
0.443366        0.00947433
0.453065        0.00943728
0.462769        0.00940249
0.472477        0.00936996
0.48219         0.00933968
0.491907        0.00931167
0.501628        0.00928592
0.511353        0.00926243
0.521084        0.0092412
0.530818        0.00922222
0.540557        0.00920551
0.5503          0.00919106
0.560048        0.00917887
0.5698          0.00916894
0.579556        0.00916126
0.589317        0.00915585
0.599082        0.0091527
0.608852        0.00915181
0.618625        0.00915318
0.628404        0.0091568
0.638187        0.00916269
0.647974        0.00917084
0.657765        0.00918125
0.667561        0.00919392
0.655792        0.00990847
0.665599        0.00984871
0.675401        0.00979871
0.685198        0.00975848
0.694989        0.00972802
0.704776        0.00970732
0.714557        0.0096964
0.724333        0.00969523
0.734103        0.00970384
0.743869        0.00972221
0.753629        0.00975035
0.763384        0.00978825
0.773133        0.00983593
0.782878        0.00989336
0.792617        0.00996057
0.802352        0.0100375
0.812081        0.0101243
0.821804        0.0102208
0.831523        0.0103271
0.841236        0.0104431
0.850944        0.0105689
0.860647        0.0107045
0.870345        0.0108498
0.880037        0.0110049
0.889724        0.0111698
0.899407        0.0113444
0.909083        0.0115289
0.918755        0.011723
0.928421        0.011927
0.938083        0.0107815
0.947739        0.00976181
0.95739         0.00976006
0.967035        0.00975932
0.976675        0.00975958
0.986311        0.00976085
0.995941        0.00976311
1.00557         0.00976637
1.01518         0.00977063
1.0248          0.0097759
1.03441         0.00978216
1.04401         0.00978942
1.05361         0.00979769
1.0632         0.00980695
1.07279        0.00981722
1.08238        0.00982849
1.09195        0.00984075
1.10153        0.00985402
1.11109        0.00986829
1.12066        0.00988356
1.13021        0.00989982
1.13977        0.00991709
1.14931        0.00993536
1.15885        0.00995463
1.16839        0.0099749
1.17792        0.00999618
1.18745        0.0100184
1.19697        0.0100417
1.20648        0.010066
1.21599        0.0100913
1.2255         0.0101175
1.235          0.0101448
1.24449        0.0101731
1.25398        0.0102024
1.26346        0.0102326
1.25337        0.0108383
1.26335        0.0108327
1.27332        0.0108272
1.28329        0.0108219
1.29326        0.0108167
1.30323        0.0108117
1.31321        0.0108067
1.32318        0.010802
1.33315        0.0107973
1.34312        0.0107928
1.35309        0.0107885
1.36306        0.0107843
1.37303        0.0107802
1.383          0.0107762
1.39297        0.0107724
1.40294        0.0107687
1.41291        0.0107652
1.42288        0.0107618
1.43284        0.0107585
1.44281        0.0107554
1.45278        0.0107524
1.46275        0.0107496
1.47272        0.0107469
1.48269        0.0107443
1.49265        0.0107419
1.50262        0.0107396
1.51259        0.0107374
1.52255        0.0107354
1.53252        0.0107335
1.54248        0.0107317
1.55245        0.0107301
1.56242        0.0107287
1.57238        0.0107273
1.58235        0.0107261
1.59231        0.0107251
1.60228        0.0107241
1.61224        0.0107233
1.6222         0.0107227
1.63217        0.0107222
1.64213        0.0107218
1.65209        0.0107216
1.66206        0.0107215
1.67202        0.0107215
1.68198        0.0107217
1.69194        0.010722
1.70191        0.0107225
1.71187        0.0107231
1.72183        0.0107238
1.73179        0.0107247
1.74175        0.0107256
1.75171        0.0107268
1.76168        0.0107281
1.77164        0.0107295
1.7816         0.010731
1.79156        0.0107327
1.80152        0.0107346
1.81147        0.0107365
1.82143        0.0107386
1.83139        0.0107408
1.84135        0.0107432
1.85131        0.0107457
1.86127        0.0107484
1.87123        0.0107512
1.87238        0.0107541
1.86686        0.0111666
1.87693        0.0111579
1.88698        0.0111489
1.89704        0.0111395
1.9071         0.0111299
1.91715        0.0111199
1.9272         0.0111096
1.93725        0.011099
1.94729        0.0110881
1.95733        0.0110769
1.96738        0.0110653
1.97741        0.0110534
1.98745        0.0110412
1.99748        0.0110288
2.00752        0.0110159
2.01755        0.0110028
2.02757        0.0109893
2.0376         0.0109756
2.04762        0.0109615
2.05764        0.0109471
2.06766        0.0109323
2.07767        0.0109173
2.08769        0.0109019
2.0977         0.0108863
2.1077         0.0108703
2.11771        0.010854
2.12771        0.0108373
2.13772        0.0108204
2.14772        0.0108031
2.15771        0.0107856
2.16771        0.0107677
2.1777         0.0107494
2.18769        0.0107309
2.19768        0.0107121
2.20766        0.0106929
2.21765        0.0106734
2.22763        0.0106537
2.2376         0.0106335
2.24758        0.0106131
2.25755        0.0105924
2.26753        0.0105713
2.2775         0.0105499
2.28746        0.0105282
2.29743        0.0105062
2.30739        0.0104839
2.31735        0.0104612
2.32731        0.0104383
2.33726        0.010415
2.34722        0.0103914
2.35717        0.0103675
2.36711        0.0103433
2.37706        0.0103187
2.387          0.0102939
2.39695        0.0102687
2.40689        0.0102432
2.41682        0.0102174
2.42676        0.0101912
2.43669        0.0101648
2.44662        0.010138
2.45655        0.0101109
2.46647        0.0100835
2.4764         0.0100558
2.48632        0.0100278
2.49624        0.00999943
