0.3897549244
0.3971545554
0.4045571739
0.41196276939999996
0.4193713315
0.4267828898
0.4341974239
0.4416143333
0.4490330977
0.45645371670000003
0.4638761697
0.4713004765
0.47872663659999995
0.4861546395
0.493584495
0.5010158224
0.50844837160000003
0.5158821319
0.5233171130999999
0.5307533147
0.5381907262999999
0.5456293474
0.5530691978
0.5605100067999999
0.5679516542
0.5753941296
0.5828374524
0.5902816023
0.597726589
0.6051724119
0.6126190606
0.6200663648
0.627514244
0.6349627078
0.6424117559
0.6498613776999999
0.6573115729
0.6647623511
0.6722137118
0.6796654746
0.6871176092
0.6945701151
0.7020229918
0.7094762291
0.7169298464
0.7243838234
0.7318381696
0.7392928846
0.7467479681
0.7542034195
0.7616592286
0.7691154148
0.7765719578
0.7840288671
0.7914861423
0.7989437631000001
0.8064015089999999
0.8138593896
0.8213173844
0.8287755031
0.8362337453
0.8436921105
0.8511505983
0.8586092083999999
0.8660679402
0.8735267934
0.8809857676
0.8884448624
0.8959040673000001
0.9033634019
0.9108228558
0.9182824287
0.92574206
0.9332016294
0.9406611365
0.9481205808999999
0.955579972
0.9630392896
0.9704985432
0.9779577424
0.9854168668
0.9928759359000001
1.0003349293999999
1.0077938668999999
1.0152527378
1.0227115319
1.0301702687
1.0376289378000001
1.0450875387
1.0525460412
1.0600044045999998
1.0674626487
1.0749207629999999
1.0823787472
1.0898366007
1.0972943232
1.1047519141999999
1.1122093834
1.1196667104
1.1271239047
1.1345809759
1.1420379136000001
1.1494947074
1.1569513768
1.1644079115
1.1718643111
1.1793205751
1.1867767031
1.1942327047
1.2016885594999999
1.2091442871
1.2165998671
1.224055319
1.2315106324
1.238965797
1.2464208322999998
1.2538757277999998
1.2613304833000002
1.2687851082
1.2762395821999999
1.2836939148
1.2911481157
1.2986021644
1.3060559104000001
1.3135093535
1.3209624932
1.328415339
1.3358678705
1.3433201074
1.3507720392
1.3582236556
1.365674976
1.3731259900999999
1.3805766974
1.3880271077
1.3954772003
1.4029269849999998
1.4103764713
1.4178256489
1.4252745171000001
1.4327230758
1.4401713245
1.4476192626
1.4550668899000002
1.462514216
1.4699612203000002
1.4774079226000001
1.4848543123
1.492300389
1.4997461524999999
1.5071916021
1.5146367476
1.5220815686
1.5295260845
1.536970285
1.5444141296
1.551857608
1.5593007098
1.5667434245
1.5741857717
1.5816277311
1.5890693221000001
1.5965105244
1.6039513574999999
1.6113918111
1.6188318748
1.6262715681
1.6337108805
1.6411498018
1.6485883515
1.6560265191
1.6634642943
1.6709016966000002
1.6783387157
1.6857753511
1.6932116022999999
1.7006474691
1.7080829509
1.7155180474000001
1.7229527581999998
1.7303870828000001
1.7378210208
1.7452545718000001
1.7526877353999998
1.7601205212
1.7675529087999998
1.7749849077
1.7824165275999999
1.7898476879
1.7972783984
1.8047086586
1.8121384681
1.8195678265
1.8269967333
1.8344251882
1.8418531907
1.8492807404
1.8567078369
1.8641344698
1.8715606587
1.8789863832
1.8864116628000002
1.8938364772
1.9012608458
1.9086847484
1.9161082045
1.9235311937
1.9309537255
1.9383757996
1.9457974256
1.9532185829999999
1.9606392814
1.9680595203999999
1.9754793096
1.9828986285
1.9903174869
1.9977358841
2.0051538199999998
2.0125713039000002
2.0199883155
2.0274048245000001
2.0348207803
2.0422361925999999
2.049651031
2.057065325
2.0644790642
2.0718922381999996
2.0793048567
2.0867169291
2.0941284251
2.1015393743
2.1089497662
2.1163595905
2.1237688666
2.1311775743000003
2.1385857231
2.1459933126
2.1534003423
2.1608068119
2.1682127209
2.1756180589
2.1830228456
2.1904270604
2.1978307131
2.2052338031
2.2126363301
2.2200382936
2.2274396932
2.2348405285999997
2.2422407993
2.2496405049
2.2570396349
2.2644382090000004
2.2718361668
2.2792334978
2.2866302016
2.2940262679
2.3014217161
2.3088165259
2.3162107069000003
2.3236042587
2.3309971808
2.3383894728
2.3457811343000003
2.353172155
2.3605625543
2.3679523119
2.3753414374
2.3827299303
2.3901177903000003
2.3975050168
2.4048916096
2.4122775682
2.4196628922
2.4270475811
2.4344316246000003
2.4418150423
2.4491978136000002
2.4565799583
2.4639614558999997
2.4713423258999997
2.4787225481
2.4861021319
2.4934810869000003
