0.038927
0.040144
0.041295
0.041988
0.041072
0.040602
0.041696
0.046100
0.046987
0.046114
0.043986
0.046314
0.047782
0.048542
0.048492
0.049404
0.050514
0.051518
0.051737
0.052035
0.052556
0.054041
0.055175
0.056087
0.056837
0.058039
0.059009
0.059586
0.060510
0.061407
0.062439
0.064203
0.065392
0.066444
0.067579
0.069243
0.071160
0.073222
0.074620
0.076374
0.078482
0.081160
0.083222
0.085387
0.087832
0.091324
0.094266
0.096720
0.098826
0.101588
0.104275
0.106567
0.109133
0.111558
0.113868
0.116532
0.119293
0.121949
0.124195
0.126681
0.129254
0.131890
0.134422
0.136538
0.138359
0.140276
0.142110
0.143708
0.144901
0.146152
0.147388
0.148585
0.149428
0.150004
0.150431
0.150871
0.151168
0.151276
0.151135
0.150763
0.150495
0.150337
0.150254
0.150327
0.150631
0.151334
0.152462
0.153899
0.155657
0.158057
0.160742
0.163627
0.166691
0.170078
0.173634
0.177362
0.181009
0.184740
0.188539
0.192285
0.195939
0.199553
0.203191
0.206798
0.210319
0.213742
0.216979
0.220147
0.223241
0.226205
0.229040
0.231763
0.234358
0.236867
0.239235
0.241476
0.243707
0.245966
0.248196
0.250293
0.252288
0.254256
0.256207
0.258268
0.260240
0.262141
0.264002
0.265964
0.267933
0.269854
0.271708
0.273626
0.275620
0.277609
0.279604
0.281631
0.283695
0.285853
0.288099
0.290408
0.292621
0.294737
0.296804
0.299029
0.301379
0.303662
0.305729
0.307875
0.310130
0.312501
0.314834
0.317234
0.319652
0.322007
0.324408
0.326771
0.329066
0.331557
0.334158
0.336830
0.339415
0.341956
0.344489
0.347062
0.349695
0.352325
0.354949
0.357442
0.360103
0.362850
0.365617
0.368352
0.370968
0.373450
0.375881
0.378290
0.380706
0.383170
0.385726
0.388269
0.390717
0.392995
0.395318
0.397742
0.400073
0.402420
0.404754
0.407013
0.409218
0.411328
0.413296
0.415423
0.417571
0.419699
0.421644
0.423608
0.425551
0.427425
0.429212
0.431024
0.432888
0.434677
0.436403
0.438057
0.439582
0.441153
0.442695
0.444153
0.445523
0.446981
0.448508
0.449852
0.451113
0.452341
0.453605
0.454778
0.455882
0.456916
0.457957
0.458988
0.459980
0.460792
0.461688
0.462603
0.463501
0.464293
0.465150
0.466091
0.467062
0.468011
0.468949
0.469888
0.470748
0.471576
0.472390
0.473103
0.473750
0.474340
0.474868
0.475337
0.475839
0.476452
0.476851
0.477227
0.477615
0.478104
0.478524
0.478886
0.479176
0.479558
0.480042
0.480657
0.481234
0.481725
0.482151
0.482576
0.483036
0.483503
0.483950
0.484306
0.484663
0.485043
0.485580
0.485939
0.486176
0.486371
0.486673
0.487085
0.487636
0.488166
0.488587
0.488929
0.489410
0.489666
0.489834
0.490021
0.490234
0.490400
0.490499
0.490507
0.490721
0.491075
0.491455
0.491793
0.492150
0.492566
0.493122
0.493532
0.493807
0.494149
0.494510
0.494863
0.495165
0.495450
0.495802
0.496248
0.496508
0.496635
0.496700
0.496912
0.497269
0.497615
0.497843
0.498043
0.498325
0.498698
0.499078
0.499411
0.499749
0.500180
0.500728
0.501133
0.501309
0.501514
0.501873
0.502335
0.502739
0.503037
0.503339
0.503729
0.504008
0.504270
0.504533
0.504871
0.505125
0.505358
0.505671
0.505971
0.506281
0.506613
0.506916
0.507143
0.507337
0.507676
0.507880
0.507846
0.507361
0.506505
0.505643
0.504917
0.505394
0.506224
0.507211
0.508124
0.508451
0.508735
0.509178
0.509740
0.510039
0.510085
0.509932
0.510179
0.510590
0.510996
0.510984
0.510989
0.511099
0.511434
0.511612
0.511680
0.511695
0.511915
0.512074
0.512019
0.511747
0.511228
0.510481
0.509716
0.509474
0.509613
0.510098
0.510331
0.510326
0.510082
0.510185
0.510244
0.510266
0.510250
0.510219
0.510311
0.510637
0.510954
0.511169
0.511290
0.511426
0.511441
0.511365
0.511202
0.511081
0.511018
0.511025
0.510949
0.510771
0.510541
0.510414
0.510357
0.510213
0.509845
0.509720
0.509593
0.509446
0.509381
0.509123
0.508803
0.508601
0.508080
0.507029
0.505105
0.502243
0.498671
0.494406
0.491486
0.491468
0.493307
0.496203
0.499160
0.501119
0.502248
0.502570
0.502873
0.503081
0.502984
0.502547
0.502100
0.501764
0.501595
0.501245
0.500718
0.500050
0.499756
0.499544
0.499180
0.498509
0.497962
0.497605
0.497036
0.496468
0.495887
0.495256
0.494702
0.494103
0.493393
0.492991
0.492559
0.492062
0.491378
0.490705
0.490089
0.489612
0.489052
0.488402
0.487667
0.487223
0.486714
0.486155
0.485568
0.484960
0.484422
0.484025
0.483177
0.482219
0.481189
0.480263
0.479180
0.477986
0.476736
0.476035
0.475685
0.475679
0.475096
0.474408
0.473709
0.473318
0.472927
0.472507
0.472028
0.471590
0.471198
0.470782
0.469705
0.468992
0.468612
0.468694
0.468279
0.467839
0.467512
0.467059
0.466667
0.466308
0.465891
0.465393
0.464889
0.464442
0.463593
0.462828
0.462191
0.461493
0.461218
0.461058
0.460489
0.459688
0.458828
0.457958
0.457550
0.457439
0.457438
0.456670
0.455830
0.455161
0.454931
0.454268
0.453793
0.453572
0.452931
0.452291
0.451817
0.451979
0.451874
0.451648
0.451339
0.450656
0.450150
0.449816
0.449569
0.449152
0.448877
0.449146
0.448792
0.448288
0.447730
0.447455
0.447401
0.447384
0.446956
0.446511
0.446414
0.446937
0.446652
0.446241
0.445804
0.445781
0.445828
0.445658
0.444824
0.443749
0.443260
0.443612
0.442524
0.441658
0.441166
0.441638
0.441952
0.442043
0.441810
0.442482
0.443034
0.443270
0.442233
0.441138
0.440444
0.441061
0.441538
0.441291
0.440056
0.440359
0.440741
0.441202
0.441770
0.442098
0.442477
0.443126
0.443149
0.443323
0.443752
0.444649
0.444491
0.443856
0.443547
0.443343
0.442878
0.441935
0.439772
0.438459
0.437989
0.437783
0.436972
0.436177
0.436142
0.438957
0.440325
0.439622
0.440753
0.440172
0.438818
0.438395
0.439341
0.441032
0.443330
0.438668
0.437526
0.439569
0.443528
0.445016
0.444122
0.439981
0.440034
0.440798
0.441618
0.440426
0.438185
0.436013
0.436219
0.438368
0.438989
0.436438
0.438909
0.441400
0.443619
0.445105
0.446518
0.447861
0.449123
0.452346
0.454813
0.455985
0.456834
0.456699
0.456492
0.458627
0.460784
0.462534
0.463493
0.465315
0.465918
0.465459
0.466073
0.468910
0.471649
0.471254
0.471783
0.471303
0.469317
0.472714
0.473337
0.472710
0.475269
0.476793
0.476216
0.472081
0.474035
0.478743
0.484911
0.481794
0.478949
0.476692
0.475891
0.477514
0.478263
0.476999
0.475280
0.477669
0.481799
0.478333
0.488665
0.488010
0.487314
0.487925
0.488863
0.489555
0.489720
0.489089
0.488750
0.488354
0.487802
0.487679
0.488386
0.489143
0.489997
0.490882
0.491432
0.491620
0.491281
0.491219
0.491517
0.491091
0.490696
0.491444
0.492188
0.492519
0.492677
0.493039
0.493600
0.493887
0.494003
0.494075
0.494044
0.493730
0.493630
0.494386
0.495035
0.494634
0.494094
0.494513
0.495375
0.495633
0.495715
0.496110
0.496297
0.496311
0.496634
0.497013
0.497238
0.497830
0.498326
0.498456
0.498431
0.498270
0.498052
0.497999
0.498636
0.499792
0.500552
0.500451
0.500167
0.499970
0.499784
0.499638
0.499811
0.500259
0.500751
0.501291
0.501795
0.502559
0.502917
0.502758
0.502801
0.503169
0.503420
0.503515
0.503658
0.503910
0.504217
0.504352
0.504018
0.503911
0.504498
0.504843
0.504805
0.505438
0.506290
0.506473
0.506411
0.506111
0.505692
0.505406
0.505309
0.505381
0.505585
0.505900
0.506005
0.505466
0.505216
0.505918
0.506500
0.506504
0.505808
0.505303
0.504987
0.504391
0.503846
0.503286
0.502033
0.500320
0.499430
0.499435
0.499039
0.498473
0.498610
0.498800
0.499851
0.500623
0.500821
0.501243
0.501607
0.502152
0.503174
0.504223
0.504877
0.505275
0.505955
0.507227
0.508396
0.508816
0.509575
0.510833
0.511120
0.510962
0.510809
0.510853
0.511460
0.511601
0.511693
0.512548
0.513313
0.513557
0.514325
0.516034
0.517765
0.518764
0.519384
0.520486
0.522114
0.523377
0.524674
0.526271
0.527052
0.527238
0.527626
0.528421
0.529551
0.530578
0.531341
0.532108
0.533135
0.534233
0.535012
0.535437
0.535762
0.536225
0.536809
0.537300
0.537626
0.537992
0.538582
0.539062
0.539629
0.540513
0.541107
0.541796
0.542819
0.543450
0.543740
0.544159
0.544617
0.545181
0.546090
0.547024
0.547552
0.547985
0.548690
0.549444
0.549902
0.550461
0.551457
0.552313
0.552786
0.553301
0.553814
0.554147
0.554382
0.554934
0.555799
0.556453
0.556890
0.557447
0.558080
0.558578
0.558966
0.559440
0.560107
0.560732
0.561327
0.561991
0.562521
0.562859
0.563146
0.563667
0.564177
0.564520
0.564751
0.565114
0.565680
0.566217
0.566738
0.567362
0.567932
0.568406
0.568862
0.569063
0.569145
0.569664
0.570308
0.570350
0.570018
0.570110
0.570696
0.571042
0.571203
0.571399
0.571291
0.571108
0.571079
0.571207
0.571672
0.572329
0.572947
0.573522
0.574051
0.574373
0.574442
0.574548
0.574710
0.574909
0.575236
0.575735
0.576301
0.576482
0.576905
0.577627
0.577675
0.577809
0.578888
0.580364
0.581465
0.582533
0.584020
0.585005
0.585137
0.585202
0.585557
0.585989
0.586529
0.587330
0.588105
0.588426
0.588311
0.588035
0.587827
0.587690
0.587656
0.587557
0.587201
0.586653
0.586261
0.585496
0.584899
0.584700
0.584077
0.583614
0.583357
0.582742
0.581848
0.581384
0.581440
0.581202
0.580792
0.580892
0.581411
0.581578
0.581297
0.581274
0.581691
0.581740
0.580975
0.580304
0.580084
0.579687
0.579381
0.579552
0.579434
0.579031
0.578855
0.578686
0.578805
0.578851
0.578517
0.578582
0.578816
0.578726
0.578463
0.577923
0.577560
0.577982
0.578551
0.578561
0.578292
0.578187
0.578311
0.578627
0.579036
0.579553
0.580105
0.580326
0.580264
0.579885
0.579318
0.579367
0.580185
0.580193
0.578317
0.575988
0.574420
0.573312
0.573231
0.573402
0.572094
0.570794
0.568237
0.563134
0.558989
0.555074
0.551853
0.549857
0.543004
0.534250
0.541646
0.553060
0.540376
0.514430
0.499553
0.503433
0.518880
0.526524
0.523560
0.520871
0.516449
0.505559
0.493440
0.494609
0.502935
0.506705
0.506319
0.496702
0.482006
0.471581
0.465835
0.459008
0.446040
0.431315
0.416594
0.400248
0.390511
0.387492
0.384660
0.380662
0.371915
0.357147
0.341180
0.329237
0.319815
0.308955
0.297478
0.285911
0.276560
0.271072
0.265110
0.257342
0.251448
0.247524
0.244545
0.243374
0.242190
0.240435
0.240159
0.241350
0.244915
0.250709
0.256071
0.262160
0.269453
0.277785
0.286475
0.295000
0.304184
0.314047
0.324587
0.335588
0.346660
0.356515
0.367259
0.378912
0.388621
0.396800
0.405139
0.414080
0.422919
0.430127
0.437287
0.445236
0.451661
0.455790
0.459894
0.465739
0.471723
0.476024
0.478949
0.480816
0.482308
0.483931
0.485629
0.488002
0.490614
0.492623
0.494428
0.496183
0.497789
0.499384
0.500766
0.501741
0.502427
0.502903
0.503478
0.504456
0.505378
0.505650
0.505680
0.505864
0.506292
0.507024
0.507671
0.508157
0.509132
0.510343
0.511187
0.511785
0.512573
0.513647
0.514878
0.516842
0.518828
0.520026
0.521012
0.522594
0.524298
0.525223
0.526408
0.528230
0.529640
0.530946
0.532437
0.533561
0.534656
0.536263
0.538046
0.539756
0.540794
0.541691
0.543364
0.544877
0.545927
0.547018
0.548355
0.549677
0.550566
0.551615
0.553106
0.554355
0.555118
0.555925
0.556896
0.557836
0.559140
0.560586
0.561550
0.562420
0.563166
0.563728
0.564521
0.565360
0.566314
0.567369
0.568436
0.569515
0.570344
0.571013
0.571621
0.572215
0.572990
0.573914
0.574529
0.574830
0.574966
0.575333
0.576028
0.576677
0.577353
0.578055
0.578707
0.579273
0.579852
0.580346
0.580649
0.581309
0.582280
0.582877
0.583282
0.583898
0.584577
0.585141
0.585592
0.586076
0.586487
0.586792
0.587185
0.587796
0.588471
0.588960
0.589280
0.589581
0.589967
0.590463
0.591054
0.591548
0.591924
0.592329
0.592615
0.592784
0.592891
0.593243
0.593746
0.593995
0.593924
0.593992
0.594463
0.594869
0.595105
0.595159
0.595060
0.595325
0.595921
0.596339
0.596723
0.597129
0.597389
0.597702
0.598263
0.598922
0.599320
0.599381
0.599459
0.599830
0.600054
0.600188
0.600671
0.601064
0.601061
0.600952
0.600927
0.601027
0.601197
0.601431
0.601585
0.601678
0.601741
0.601516
0.600985
0.600834
0.601346
0.601741
0.601751
0.601734
0.601947
0.602275
0.602386
0.602495
0.602501
0.602385
0.602728
0.603100
0.602974
0.602862
0.603013
0.603185
0.603349
0.603477
0.603556
0.603583
0.603668
0.603665
0.603518
0.603549
0.603550
0.603783
0.604303
0.604443
0.604213
0.603722
0.603557
0.603938
0.604194
0.604134
0.603972
0.603825
0.603884
0.603998
0.603875
0.603545
0.603254
0.603230
0.603344
0.603479
0.603594
0.603856
0.604109
0.604096
0.604067
0.604085
0.604097
0.604100
0.604041
0.604007
0.604048
0.603949
0.603718
0.603525
0.603481
0.603549
0.603371
0.603038
0.602877
0.602595
0.602428
0.602521
0.602242
0.601539
0.601285
0.601422
0.601261
0.600893
0.600599
0.600335
0.599794
0.599286
0.599163
0.598979
0.598688
0.598602
0.598934
0.599160
0.598502
0.597741
0.597664
0.597782
0.597642
0.597303
0.596495
0.595776
0.595884
0.595930
0.595156
0.594366
0.594066
0.593858
0.593854
0.593750
0.593345
0.592897
0.592489
0.592123
0.591348
0.590686
0.590611
0.590403
0.589887
0.589619
0.589653
0.589562
0.589379
0.588997
0.588474
0.587778
0.586961
0.586258
0.585683
0.585205
0.584734
0.584856
0.584929
0.584258
0.583629
0.583286
0.582776
0.581907
0.581237
0.581212
0.580881
0.579392
0.578129
0.577473
0.576894
0.576407
0.575940
0.575813
0.575105
0.573604
0.573117
0.573451
0.573094
0.572393
0.571620
0.570643
0.569706
0.568877
0.568374
0.567897
0.567220
0.566457
0.565996
0.565648
0.565182
0.564676
0.563884
0.563195
0.562989
0.562466
0.561403
0.560580
0.560122
0.560078
0.560560
0.559781
0.557942
0.557391
0.557465
0.556761
0.555712
0.554621
0.553425
0.553836
0.554680
0.553868
0.529724
0.549510
0.559455
0.558559
0.543677
0.523800
0.513713
0.525163
0.536311
0.544207
0.553660
0.548799
0.536682
0.528940
0.522864
0.517554
0.533597
0.550680
0.573498
0.595600
0.578836
0.542777
0.519633
0.512775
0.503682
0.488294
0.472746
0.499292
0.536766
0.536981
0.508061
0.490871
0.501189
0.510534
0.513613
0.517062
0.512676
0.504296
0.509766
0.528164
0.524059
0.467983
0.407486
0.408619
0.409856
0.420140
0.434374
0.436220
0.428217
0.447816
0.523685
0.598699
0.572546
0.539869
0.521136
0.497371
0.548349
0.687853
0.773167
0.679463
0.597618
0.731378
0.923458
0.586400
0.273976
0.327506
0.562478
0.712071
0.750112
0.767293
0.699288
0.631071
0.748435
0.940978
0.684970
0.422406
0.400122
0.625459
0.887861
0.753432
0.641212
0.492492
0.345389
0.342690
0.413656
0.478528
0.522756
0.561581
0.526770
0.487423
0.433016
0.389491
0.482994
0.632961
0.626736
0.523092
0.494247
0.529750
0.562188
0.629869
0.717666
0.699198
0.677218
0.554556
0.418506
0.378777
0.408780
0.403484
0.346165
0.295369
0.294803
0.278727
0.268592
0.297220
0.327361
0.309603
0.298795
0.343121
0.379704
0.379483
0.384138
0.495561
0.634417
0.609428
0.475719
0.407445
0.445640
0.491656
0.652126
0.874631
0.720171
0.499333
0.529941
0.652800
0.702852
0.631781
0.546492
0.455306
0.377568
0.314854
0.271901
0.275920
0.294959
0.322572
0.314229
0.298000
0.289646
0.260133
0.214261
0.188681
0.222637
0.263865
0.252845
0.211791
0.205429
0.248228
0.263310
0.239574
0.229926
0.215226
0.197286
0.216290
0.248544
0.241418
0.227486
0.236284
0.259367
0.271495
0.255054
0.241101
0.243301
0.249322
0.264107
0.279982
0.278796
0.275053
0.279292
0.276654
0.271976
0.274232
0.282200
0.292264
0.296809
0.292349
0.293763
0.293928
0.293831
0.287745
0.269882
0.265254
0.285030
0.301967
0.306749
0.307784
0.304130
0.302770
0.306138
0.308784
0.311329
0.313395
0.318756
0.323977
0.326324
0.324734
0.322847
0.325712
0.335468
0.347537
0.347270
0.343209
0.341418
0.341076
0.350007
0.358718
0.357819
0.354221
0.353812
0.354557
0.354810
0.356910
0.358366
0.359983
0.363903
0.362397
0.353971
0.346569
0.346843
0.351384
0.346802
0.343728
0.358490
0.367420
0.358071
0.353513
0.352228
0.346756
0.345508
0.350159
0.356823
0.359130
0.358022
0.359832
0.358217
0.352710
0.362820
0.383203
0.386700
0.374316
0.371138
0.382135
0.390323
0.393061
0.398364
0.401955
0.396943
0.394734
0.395507
0.397774
0.402639
0.403184
0.402740
0.406287
0.411502
0.412514
0.409200
0.409555
0.416171
0.421479
0.421664
0.419550
0.418715
0.416673
0.412186
0.409605
0.408097
0.404620
0.402279
0.408889
0.416868
0.411148
0.394639
0.392073
0.410801
0.416127
0.407470
0.408110
0.417484
0.421642
0.412339
0.402574
0.404455
0.409126
0.407544
0.406810
0.408167
0.414053
0.416200
0.415827
0.421116
0.426650
0.426453
0.420258
0.415618
0.414646
0.412641
0.407218
0.399110
0.392521
0.399698
0.406986
0.400513
0.395575
0.396274
0.397433
0.398962
0.401552
0.401670
0.397371
0.392502
0.392118
0.391130
0.382297
0.373242
0.375344
0.379554
0.374257
0.368780
0.373025
0.377917
0.372061
0.360283
0.353693
0.356302
0.366117
0.373452
0.365260
0.350123
0.348432
0.355617
0.357519
0.352151
0.345802
0.343592
0.342284
0.342611
0.347859
0.354273
0.353682
0.350928
0.355037
0.360154
0.357519
0.354098
0.359346
0.363918
0.360354
0.352245
0.348084
0.351379
0.357463
0.360161
0.359137
0.357692
0.357913
0.360226
0.365199
0.370394
0.366780
0.362170
0.358706
0.356590
0.357999
0.354938
0.348782
0.345048
0.341485
0.337695
0.336948
0.333203
0.319911
0.310259
0.313450
0.318213
0.317492
0.306380
0.297758
0.293706
0.284085
0.279454
0.280538
0.279252
0.276245
0.271499
0.262175
0.252837
0.247443
0.240390
0.230834
0.227772
0.231326
0.231486
0.227712
0.221570
0.212600
0.202041
0.194242
0.188874
0.182509
0.176180
0.167881
0.157364
0.149326
0.145354
0.143883
0.146096
0.144398
0.137177
0.133354
0.130453
0.125595
0.123740
0.124931
0.126872
0.126051
0.124717
0.125850
0.128570
0.131316
0.132151
0.132834
0.134221
0.131973
0.127524
0.126914
0.129485
0.132727
0.133301
0.132137
0.129168
0.133654
0.145659
0.150554
0.147226
0.145869
0.147477
0.146952
0.153029
0.165485
0.173439
0.176074
0.177639
0.178199
0.181759
0.190628
0.198828
0.203804
0.206046
0.204254
0.205282
0.211682
0.215304
0.217983
0.218700
0.217756
0.225986
0.239433
0.240346
0.231567
0.230492
0.237260
0.242097
0.248083
0.258961
0.260558
0.244777
0.232194
0.236881
0.241750
0.241479
0.252683
0.270862
0.278096
0.271830
0.260035
0.254346
0.258902
0.260750
0.256466
0.266642
0.281305
0.279585
0.276558
0.279035
0.275531
0.268233
0.266951
0.269074
0.269115
0.269643
0.275550
0.284188
0.286620
0.282843
0.279459
0.283119
0.286185
0.279787
0.279264
0.283194
0.278250
0.265350
0.250268
0.245661
0.255985
0.260778
0.251177
0.245772
0.253116
0.261772
0.259961
0.253614
0.249501
0.238861
0.222570
0.222109
0.233828
0.235814
0.234624
0.238550
0.235345
0.224334
0.223980
0.230064
0.224362
0.217012
0.218158
0.210814
0.198577
0.206694
0.215109
0.203406
0.184240
0.172287
0.170247
0.175355
0.180828
0.178199
0.172446
0.169770
0.166087
0.157408
0.149593
0.151259
0.157639
0.158609
0.155852
0.156740
0.156696
0.146648
0.133631
0.125606
0.124621
0.130504
0.127067
0.114990
0.116997
0.128203
0.128439
0.133356
0.143004
0.139243
0.129570
0.120414
0.115817
0.119409
0.126104
0.124496
0.111524
0.103417
0.108874
0.116652
0.116560
0.113263
0.110908
0.107236
0.110814
0.117531
0.119109
0.119366
0.121476
0.128649
0.134789
0.127192
0.106916
0.095714
0.103342
0.114651
0.122743
0.123262
0.110183
0.103370
0.124715
0.144401
0.134168
0.114144
0.120419
0.140740
0.132041
0.112102
0.106138
0.109142
0.125321
0.131798
0.118779
0.106385
0.110600
0.128249
0.126141
0.116517
0.122352
0.129060
0.135005
0.125533
0.106760
0.106391
0.118788
0.131636
0.144250
0.157528
0.154023
0.131720
0.114240
0.109630
0.115706
0.114431
0.108384
0.120985
0.134799
0.137927
0.148461
0.176570
0.194592
0.178246
0.159617
0.154500
0.156886
0.142324
0.117066
0.124450
0.142687
0.137293
0.124931
0.123902
0.125944
0.129084
0.131738
0.127356
0.118631
0.122522
0.140123
0.156729
0.159304
0.137258
0.119959
0.111458
0.103628
0.107405
0.108201
0.109386
0.119771
0.124428
0.118840
0.107586
0.100358
0.102171
0.104514
0.111316
0.124273
0.147342
0.155576
0.130031
0.118809
0.136905
0.151498
0.138996
0.118352
0.117671
0.127289
0.117522
0.103623
0.127701
0.155519
0.145061
0.129904
0.118407
0.105594
0.110860
0.118156
0.114729
0.115707
0.144302
0.171688
0.171927
0.173145
0.210878
0.253309
0.255639
0.253042
0.219167
0.176136
0.208274
0.263818
0.285110
0.292973
0.255522
0.233316
0.300454
0.348841
0.374627
0.410383
