   0.997100
   1.003640
   1.010180
   1.047200
   1.053750
   1.060300
   1.066850
   1.073410
   1.079960
   1.086510
   1.093070
   1.099620
   1.106170
   1.112730
   1.119280
   1.125840
   1.132390
   1.138950
   1.145510
   1.152060
   1.158620
   1.165180
   1.171730
   1.178290
   1.184850
   1.191410
   1.197970
   1.204530
   1.211090
   1.217650
   1.224210
   1.230770
   1.237330
   1.243890
   1.250450
   1.257010
   1.263570
   1.270140
   1.276700
   1.283260
   1.289830
   1.296390
   1.302950
   1.309520
   1.316080
   1.322650
   1.329210
   1.335780
   1.342340
   1.348910
   1.355480
   1.362050
   1.368610
   1.375180
   1.381750
   1.388320
   1.394890
   1.401450
   1.408020
   1.414590
   1.421160
   1.427730
   1.434310
   1.440880
   1.447450
   1.454020
   1.460590
   1.467160
   1.473740
   1.480310
   1.486880
   1.493460
   1.500030
   1.506610
   1.513180
   1.519760
   1.526330
   1.532910
   1.539480
   1.546060
   1.552640
   1.559210
   1.565790
   1.572370
   1.578950
   1.585520
   1.592100
   1.598680
   1.605260
   1.611840
   1.618420
   1.625000
   1.631580
   1.638160
   1.644740
   1.651330
   1.657910
   1.664490
   1.671070
   1.677660
   1.684240
   1.690820
   1.697410
   1.703990
   1.710580
   1.717160
   1.723750
   1.730330
   1.736920
   1.743510
   1.750090
   1.756680
   1.763270
   1.769850
   1.776440
   1.783030
   1.789620
   1.796210
   1.802800
   1.809390
   1.815980
   1.822570
   1.829160
   1.835750
   1.842340
   1.848930
   1.855520
   1.862120
   1.868710
   1.875300
   1.881900
   1.888490
   1.895080
   1.901680
   1.908270
   1.914870
   1.921460
   1.928060
   1.934650
   1.941250
   1.947850
   1.954440
   1.961040
   1.967640
   1.974240
   1.980840
   1.987430
   1.994030
   2.000630
   2.007230
   2.013830
   2.020430
   2.027030
   2.033630
   2.040240
   2.046840
   2.053440
   2.060040
   2.066640
   2.073250
   2.079850
   2.086450
   2.093060
   2.099660
   2.106270
   2.112870
   2.119480
   2.126080
   2.132690
   2.139300
   2.145900
   2.152510
   2.159120
   2.165720
   2.172330
   2.178940
   2.185550
   2.192160
   2.198770
   2.205380
   2.211990
   2.218600
   2.225210
   2.231820
   2.238430
   2.245040
   2.251650
   2.258270
   2.264880
   2.271490
   2.278100
   2.284720
   2.291330
   2.297950
   2.304560
   2.311180
   2.317790
   2.324410
   2.331020
   2.337640
   2.344260
   2.350870
   2.357490
   2.364110
   2.370720
   2.377340
   2.383960
   2.390580
   2.397200
   2.403820
   2.410440
   2.417060
   2.423680
   2.430300
   2.436920
   2.443540
   2.450170
   2.456790
   2.463410
   2.470030
   2.476660
   2.483280
   2.489900
   2.496530
   2.503120
   2.509720
   2.516320
   2.522920
   2.529510
   2.536110
   2.542710
   2.549310
   2.555910
   2.562510
   2.569110
   2.575710
   2.582310
   2.588910
   2.595510
   2.602120
